346
312
111
246
311
175
280
66
49
228
133
175
59
114
342
307
155
235
201
88
83
89
319
71
243
106
245
166
228
299
134
65
235
5
135
374
236
301
185
255
271
35
280
194
126
50
40
168
231
228
185
359
119
42
115
282
233
350
20
104
61
327
49
260
205
275
120
185
31
111
14
35
371
88
383
120
97
34
120
244
382
56
244
228
351
201
377
386
83
34
87
303
111
87
109
61
266
49
104
101
13
280
377
235
217
96
374
48
245
114
306
359
154
134
350
111
101
86
157
374
306
350
35
96
303
327
68
10
260
28
232
226
235
352
176
99
317
199
359
134
194
96
168
15
86
339
185
308
82
228
235
281
255
339
160
325
336
9
40
73
72
28
170
83
214
7
49
171
342
86
88
9
214
160
189
3
170
49
1
119
284
6
65
183
42
303
160
111
336
325
119
319
10
64
221
229
83
281
67
194
42
238
201
57
297
109
195
160
170
255
35
87
88
229
359
89
350
359
235
12
350
134
166
265
283
261
83
83
362
194
42
122
171
369
371
104
185
319
194
116
170
82
181
226
361
205
194
88
199
181
78
116
228
360
162
270
65
263
178
49
360
362
303
47
22
83
301
243
114
89
369
13
213
146
330
226
119
82
309
15
33
23
327
360
235
49
49
166
82
301
374
50
235
83
271
185
185
96
111
359
34
57
86
336
312
276
360
91
386
82
119
185
23
280
119
319
243
282
119
175
385
201
112
31
220
85
96
185
205
384
323
271
49
286
86
266
377
47
382
57
185
178
392
367
83
232
134
77
193
3
134
228
222
175
301
259
28
381
391
88
250
262
30
228
310
384
111
194
373
5
280
116
250
264
83
89
119
162
28
137
297
83
352
152
235
112
331
162
120
38
243
235
286
243
265
197
217
377
390
125
185
297
61
199
351
280
306
376
350
181
269
306
327
197
88
88
185
59
228
160
10
282
11
214
200
211
58
104
171
61
371
377
35
328
114
119
228
341
83
275
224
259
170
384
352
104
185
311
49
197
303
247
134
120
42
35
108
87
312
42
114
28
361
82
362
336
137
193
281
132
3
166
133
96
250
71
327
35
65
170
42
108
60
96
76
185
175
137
301
305
351
64
274
228
28
59
42
83
235
116
194
66
201
262
120
49
185
54
280
390
280
35
3
64
235
185
10
317
175
361
96
76
42
361
137
377
228
280
134
49
49
309
49
73
78
132
73
197
350
170
257
47
137
158
42
193
306
194
338
92
374
47
195
270
343
222
166
59
306
200
7
217
88
178
134
42
231
350
312
13
175
115
391
83
116
226
154
134
244
277
243
49
97
47
316
247
362
125
309
226
59
71
388
202
231
134
360
380
49
232
86
59
61
381
49
5
151
76
236
137
160
120
49
185
65
301
232
134
228
243
28
319
20
136
112
76
49
1
284
248
319
49
114
112
48
134
235
131
82
270
181
166
162
268
114
162
360
87
35
349
297
114
245
265
119
360
249
120
310
89
134
243
119
36
343
9
287
271
49
306
287
112
196
22
104
170
393
223
194
136
194
175
151
233
382
134
271
49
64
202
392
108
243
78
280
88
59
71
391
72
228
350
214
79
396
139
194
222
194
228
91
49
182
275
205
137
83
271
235
339
319
27
91
309
281
57
231
243
83
60
185
3
57
185
58
71
47
228
392
49
175
235
390
109
362
322
134
163
35
266
250
376
77
237
343
176
225
214
373
9
376
23
81
324
49
49
258
391
47
21
250
134
96
64
42
216
296
201
326
86
251
86
280
194
226
7
175
287
194
76
89
116
317
279
4
320
86
49
64
61
391
116
232
371
119
120
194
271
160
47
384
64
255
87
47
226
87
112
137
374
119
78
214
49
324
237
244
286
394
58
104
155
301
371
133
134
335
175
280
305
40
102
49
194
135
64
286
280
134
202
374
42
120
64
280
243
303
166
108
73
61
139
139
361
137
28
377
185
261
374
19
64
134
47
287
245
147
228
61
119
171
301
47
88
47
347
88
287
229
226
350
182
25
235
73
185
391
50
245
119
301
34
390
76
178
214
139
258
310
120
376
138
391
91
228
185
36
347
390
232
325
214
47
320
64
321
72
371
81
319
250
133
194
133
42
297
335
168
218
350
136
11
162
197
42
325
56
42
231
83
10
214
11
280
310
382
246
290
94
13
139
367
16
32
280
349
24
390
85
327
61
381
162
210
163
255
185
245
162
181
109
49
247
71
288
243
96
96
171
250
57
5
175
56
64
243
291
235
245
73
35
36
255
185
108
303
306
185
82
73
281
247
142
301
303
392
120
127
277
232
56
312
287
49
301
269
178
10
303
235
125
287
194
28
42
49
34
185
235
175
17
228
65
57
120
371
116
137
137
280
17
82
301
334
194
185
242
280
36
49
351
327
83
182
18
47
270
169
194
88
25
392
112
301
245
286
134
168
192
57
8
243
284
147
235
282
108
64
86
388
360
371
96
96
127
217
219
108
34
119
126
219
388
36
303
234
392
65
246
88
382
250
83
385
97
246
123
112
6
175
4
250
254
260
47
343
183
219
1
371
28
220
40
393
218
280
194
303
189
327
11
47
194
114
185
360
250
199
83
41
233
194
35
258
351
82
327
384
373
371
287
86
235
351
392
325
360
106
280
42
338
175
222
77
9
35
185
3
219
134
226
49
96
270
287
350
116
235
280
326
49
103
61
325
367
133
47
44
222
309
181
151
134
315
73
286
47
136
59
49
255
22
61
391
232
280
317
214
175
86
77
73
337
251
94
194
35
134
137
214
228
15
119
388
202
309
171
235
96
127
368
224
245
392
377
64
134
111
205
231
71
89
3
116
165
126
49
233
287
339
42
62
86
175
348
228
134
244
80
328
56
102
134
164
319
136
83
285
61
99
292
28
112
181
9
351
201
9
193
96
377
41
282
285
47
134
31
64
265
250
245
392
392
369
175
271
126
195
199
276
331
370
332
306
219
324
166
336
339
226
388
59
232
333
96
49
367
214
232
228
175
351
329
86
114
273
325
108
310
309
32
185
108
200
171
133
135
83
232
334
59
111
83
374
319
356
244
278
86
78
185
49
47
138
91
247
199
56
25
245
137
77
89
119
96
120
95
114
72
171
7
91
152
103
119
327
214
96
263
114
337
25
119
171
313
144
82
47
9
325
284
220
132
388
230
86
96
205
82
205
108
228
385
134
243
349
115
4
194
175
271
200
76
87
224
362
34
301
96
47
324
166
335
119
232
5
271
359
28
319
48
12
175
175
111
132
360
391
76
134
226
58
245
134
49
282
47
205
83
235
24
49
175
102
39
297
275
228
282
208
166
302
28
302
57
40
385
231
325
217
17
362
82
219
371
10
350
377
366
153
152
35
26
271
34
199
349
218
301
359
228
232
339
392
350
159
235
181
175
14
313
195
388
42
287
216
96
272
388
197
371
175
224
151
237
297
386
249
228
59
370
119
116
245
134
49
271
373
35
213
289
111
116
280
49
265
38
349
231
25
333
47
103
42
382
170
377
335
55
234
214
236
259
359
383
38
333
342
194
49
301
88
47
243
81
15
49
93
103
291
217
228
79
193
144
28
301
57
3
137
373
201
301
7
83
385
101
244
343
114
275
171
195
350
210
88
237
232
116
359
214
47
208
71
391
171
166
295
43
3
3
155
243
110
1
175
134
373
82
280
217
17
49
297
58
35
352
108
162
57
164
228
49
3
39
108
171
342
385
1
104
11
49
184
276
186
214
271
112
301
3
343
346
224
214
185
17
108
162
49
280
228
332
42
352
243
289
12
383
360
81
162
137
129
194
319
340
128
42
28
280
352
351
47
332
185
88
319
162
369
127
327
3
236
235
7
86
305
7
350
76
243
3
392
88
350
325
197
56
392
48
134
58
246
175
49
385
99
214
228
176
331
49
97
394
250
228
194
194
72
347
201
137
237
205
308
185
151
171
6
147
222
116
184
377
391
205
390
271
42
244
133
28
11
351
86
271
392
116
84
228
49
86
362
199
228
317
111
201
233
391
327
214
235
343
123
36
214
49
383
284
25
202
301
228
47
232
327
35
83
359
127
359
5
42
53
9
280
3
234
371
175
194
49
326
84
8
183
121
82
339
181
36
245
373
194
394
247
351
235
217
392
359
30
162
108
280
360
87
83
135
305
83
89
98
243
258
226
221
80
123
282
37
56
331
250
301
343
38
58
201
255
116
326
49
176
38
269
3
170
222
116
127
261
6
40
280
42
235
104
371
48
20
127
164
180
232
194
47
390
42
47
134
109
86
57
3
267
235
171
87
246
342
214
89
135
280
213
176
47
371
7
112
315
319
282
327
280
10
108
171
298
324
214
106
171
111
181
1
120
303
3
371
96
108
293
106
166
319
66
124
3
350
86
76
334
332
47
83
201
184
206
325
347
104
35
278
108
114
265
12
369
228
170
42
76
47
16
120
24
81
87
134
280
233
246
232
75
7
388
96
357
120
351
371
59
301
176
378
332
337
201
247
350
374
186
214
64
49
301
114
392
280
112
85
134
99
166
89
319
280
35
371
49
243
137
47
307
392
96
392
49
287
108
17
45
319
61
265
4
83
343
131
88
350
327
231
232
228
237
271
246
82
166
194
228
322
47
87
30
245
49
141
106
35
245
325
189
224
83
350
191
228
280
111
128
35
49
28
83
383
127
96
392
381
77
269
194
246
374
96
337
282
38
178
166
392
153
382
228
76
360
232
120
269
352
289
217
240
9
327
134
207
396
288
60
281
238
82
199
333
7
321
23
328
219
126
119
201
194
275
208
310
269
210
64
376
120
301
134
269
13
384
64
182
280
264
129
359
35
342
35
61
373
21
47
365
237
111
115
338
384
45
171
250
38
83
382
65
49
1
261
17
38
324
61
134
61
246
139
35
166
59
76
64
175
139
281
180
120
83
7
260
71
80
42
171
81
241
126
185
297
76
231
311
66
364
102
147
183
42
23
9
49
40
327
158
339
388
243
175
111
200
229
7
374
167
235
332
374
201
337
171
222
341
244
100
96
5
341
388
391
222
3
370
228
326
61
162
371
47
83
111
102
380
120
280
108
160
242
3
301
217
89
323
49
162
177
301
82
301
217
7
108
319
371
246
49
297
390
47
391
228
207
342
214
178
235
165
171
96
171
127
9
235
86
301
175
25
143
376
382
345
12
219
49
82
392
97
344
234
317
307
120
31
49
134
219
365
134
119
82
303
295
388
186
86
28
302
257
88
61
71
3
261
369
265
179
9
231
47
264
178
83
185
214
383
49
151
83
199
85
93
392
165
351
194
235
318
286
171
248
83
155
374
274
61
47
276
96
262
269
78
212
120
60
178
25
233
245
185
294
385
35
49
139
360
3
391
82
235
219
286
394
112
370
96
347
96
71
350
335
109
47
371
382
116
281
99
250
86
48
31
171
342
306
151
228
65
119
377
214
9
82
42
91
271
319
65
87
10
287
319
161
171
320
373
278
116
326
214
91
301
49
195
59
12
319
58
255
83
280
301
343
147
160
280
47
214
382
1
273
228
35
111
175
49
69
261
381
82
194
254
83
82
374
175
81
305
211
385
13
47
311
231
83
214
106
134
47
253
44
39
166
214
181
173
178
27
193
199
207
197
316
125
148
89
175
219
362
58
176
49
228
297
83
144
47
312
155
118
228
273
144
361
384
280
271
359
384
284
61
180
393
295
119
208
75
133
201
339
181
301
86
137
128
235
151
36
47
287
65
301
206
112
212
107
96
49
7
10
144
40
37
205
34
392
134
243
34
368
81
115
64
108
86
371
76
245
243
202
377
275
171
83
81
28
213
222
275
7
214
214
213
171
82
304
235
394
12
3
64
369
322
337
25
261
96
47
373
180
235
137
214
160
115
89
12
108
162
65
134
255
301
102
100
371
108
365
290
214
170
353
137
160
162
384
365
35
47
168
119
272
391
141
3
86
83
376
185
235
47
62
104
112
99
233
71
65
322
222
194
218
148
232
235
252
137
58
81
334
47
324
305
96
236
47
360
33
275
338
98
119
25
342
319
317
351
318
116
193
35
104
59
381
317
197
232
25
71
228
49
265
359
28
185
281
49
235
338
162
352
143
48
295
191
337
391
388
77
45
202
82
57
295
77
42
189
126
47
377
309
47
244
31
214
273
49
282
154
342
16
89
181
171
115
228
228
236
96
208
119
155
337
38
35
247
47
228
37
103
301
351
154
218
343
61
153
281
76
233
24
214
319
47
386
154
265
226
325
85
119
194
337
57
287
199
197
390
153
287
301
255
47
185
374
76
228
214
359
104
194
360
278
51
175
373
193
228
69
321
65
339
75
34
243
108
341
232
120
42
93
294
134
49
185
35
327
47
167
313
280
327
303
39
65
201
2
47
221
73
175
265
69
49
297
337
201
7
208
343
319
199
61
201
35
337
390
262
297
103
119
235
96
317
96
183
382
36
349
64
301
301
62
351
314
92
96
182
114
136
357
263
235
171
134
360
319
300
86
137
301
9
327
271
101
73
211
86
134
185
68
134
327
206
4
250
214
83
111
360
217
66
120
373
185
83
65
184
292
4
38
97
134
132
346
20
328
22
104
261
276
228
228
96
13
343
23
51
228
38
126
9
29
306
49
96
61
295
325
49
73
12
88
97
339
214
326
335
343
60
194
350
128
367
83
42
307
359
199
320
187
120
342
112
205
57
66
337
265
246
335
73
338
260
86
194
89
130
73
392
346
308
82
236
214
232
142
342
205
3
47
264
102
49
175
166
83
228
271
115
245
127
280
280
280
7
214
171
114
200
277
47
312
202
116
228
131
57
235
68
171
385
297
359
287
30
96
218
3
371
87
83
137
97
343
35
228
3
86
205
73
35
47
295
320
152
228
210
329
323
235
367
43
96
148
226
337
319
185
327
246
226
277
362
99
214
217
104
66
332
43
103
47
360
261
49
214
250
44
381
270
103
338
261
3
327
92
104
201
323
88
392
271
96
104
36
103
280
171
83
82
271
34
382
309
312
342
96
359
381
377
250
275
350
388
28
388
388
360
96
12
319
260
49
336
214
57
98
296
160
301
116
271
5
337
185
287
50
319
185
359
388
81
108
158
1
61
226
137
86
87
147
116
238
49
303
185
228
146
220
49
222
235
270
133
329
61
377
60
325
35
12
231
87
42
228
83
111
64
69
359
225
194
47
309
157
82
114
222
35
170
24
201
119
271
135
86
246
265
382
135
65
374
381
232
127
126
103
319
203
284
86
262
385
228
319
175
217
246
280
79
185
235
200
239
49
88
58
382
35
235
265
7
133
42
48
363
103
39
95
287
175
134
228
71
87
214
162
287
78
171
120
303
49
7
191
343
170
104
287
15
262
88
71
170
119
35
228
261
271
245
133
171
280
73
189
301
185
205
213
214
116
245
36
40
137
336
6
228
68
303
276
235
233
378
175
88
214
115
194
97
191
81
220
31
30
238
201
157
228
326
178
235
382
35
24
50
319
214
370
56
228
234
205
378
175
199
203
93
263
87
228
235
233
108
237
235
321
86
104
47
36
330
245
28
171
228
350
134
303
86
49
228
78
96
224
228
325
297
185
151
134
82
391
137
132
327
339
194
30
360
49
383
76
103
381
261
347
179
232
218
228
3
284
108
314
147
8
273
134
88
313
245
181
382
219
309
371
228
228
133
340
114
386
201
371
166
83
38
332
171
228
229
336
243
392
341
245
367
141
64
211
316
262
301
119
116
162
47
104
192
51
81
122
326
49
301
23
375
214
83
307
10
231
214
219
238
64
343
96
27
83
89
162
301
112
147
264
176
261
342
58
330
232
142
162
77
340
315
208
325
49
275
106
228
338
214
265
301
83
28
95
144
3
193
47
49
228
327
107
66
65
3
391
339
101
86
228
89
391
338
377
280
25
228
236
332
147
102
235
264
88
91
112
26
87
319
244
297
49
87
281
232
79
371
104
278
40
150
332
79
171
301
81
342
382
317
82
213
72
386
104
280
1
79
146
76
181
300
214
120
297
4
236
222
133
96
38
80
47
394
235
205
42
361
337
72
228
180
227
386
236
193
194
73
221
96
228
380
339
371
42
185
290
76
86
65
338
23
392
190
337
390
232
228
339
114
104
170
214
283
360
73
108
228
312
391
142
214
116
236
227
294
36
139
319
219
382
96
228
319
391
207
346
250
214
297
205
7
104
83
337
9
388
35
150
134
103
199
281
15
210
73
388
42
137
87
170
144
317
185
303
280
382
260
134
86
388
243
44
137
326
157
49
28
274
301
108
73
175
220
48
138
222
86
333
68
228
81
194
73
115
205
84
9
3
170
319
153
207
9
301
151
245
224
265
201
108
5
119
250
57
261
160
66
91
359
49
382
339
87
271
228
43
228
12
342
396
70
235
220
271
109
6
211
390
1
144
219
69
338
25
382
35
111
83
9
390
120
257
56
337
381
235
175
243
36
49
333
93
264
337
159
96
395
185
181
228
300
221
349
45
3
81
342
178
119
49
28
155
319
197
250
214
303
83
232
295
69
265
34
207
28
75
13
140
352
193
384
394
294
261
116
231
319
3
70
310
83
26
42
171
40
171
229
83
280
228
233
394
347
195
228
83
327
3
159
13
173
359
278
7
49
194
377
95
301
382
374
36
99
228
73
338
109
36
190
201
214
134
49
243
109
115
2
301
232
171
166
103
280
213
112
289
126
91
61
1
220
281
271
205
228
382
47
108
194
83
148
382
238
245
331
96
139
108
316
235
286
193
381
23
260
59
64
47
271
214
35
381
237
319
226
22
270
104
155
6
78
171
148
265
322
232
287
81
139
166
381
96
228
88
75
155
390
42
270
281
40
342
147
158
75
83
12
349
243
350
148
214
245
89
214
108
5
83
155
235
261
3
228
76
170
49
49
6
317
83
284
313
111
30
35
3
226
228
63
133
49
217
366
49
246
104
301
153
188
343
368
386
243
235
137
335
86
152
332
185
96
64
194
47
280
374
96
175
262
381
31
119
219
57
371
235
194
171
335
42
43
228
375
96
112
370
119
47
34
10
229
79
336
318
38
319
154
293
124
100
214
317
175
244
205
162
162
337
250
327
320
36
12
139
316
246
49
179
228
49
232
387
171
228
259
214
2
185
47
22
273
130
321
185
134
127
134
260
35
116
264
371
235
228
6
190
119
65
278
101
228
364
390
206
321
228
382
319
194
235
42
353
162
287
3
131
228
26
194
39
115
28
97
211
175
89
3
57
301
26
4
22
214
82
59
82
137
104
57
317
83
162
339
306
277
349
143
137
89
86
25
339
28
341
369
208
95
303
200
350
332
227
354
26
120
65
228
382
81
228
175
179
265
185
262
394
48
104
31
297
371
8
229
118
280
217
175
371
86
65
47
353
49
217
392
66
168
111
114
214
134
132
338
359
343
369
301
116
38
72
331
252
319
28
162
25
371
228
152
108
104
171
197
239
143
309
73
175
112
82
235
222
147
277
300
343
67
104
79
214
165
214
35
76
103
35
274
392
392
228
336
332
199
66
78
97
108
96
228
80
36
181
147
59
103
260
319
377
23
47
396
233
119
317
144
116
280
249
69
219
214
68
261
214
68
323
186
24
271
312
255
214
95
16
134
3
104
96
162
154
64
134
322
124
338
25
232
45
263
43
175
75
277
228
58
313
363
137
359
128
265
61
214
262
214
15
3
235
168
104
49
382
302
79
214
213
280
27
301
214
115
42
342
382
12
247
25
280
151
42
231
219
96
271
83
377
31
339
333
137
96
371
235
219
176
359
36
292
199
112
86
49
321
185
35
280
164
339
7
301
269
194
213
49
194
183
126
261
49
232
28
134
37
377
226
207
367
175
97
228
162
119
17
103
208
371
214
3
315
148
35
42
107
282
26
82
359
274
206
112
339
352
350
44
68
246
275
296
66
45
228
312
319
231
86
123
303
352
262
301
68
271
108
245
42
220
228
104
317
162
94
123
80
301
103
335
276
45
271
350
236
214
160
108
381
103
50
83
280
337
208
134
82
265
236
205
317
175
154
377
175
246
388
134
151
342
268
66
137
185
245
175
229
103
191
271
243
266
228
185
206
339
162
25
155
42
194
235
61
290
21
217
382
214
382
194
47
15
148
134
28
82
351
35
265
58
228
137
3
197
135
314
379
3
243
1
76
271
163
350
266
319
42
49
234
9
382
391
343
171
191
194
265
150
287
236
73
295
109
391
34
47
339
147
176
382
49
162
42
349
81
214
88
228
178
376
68
164
108
35
320
103
277
214
216
355
235
228
7
40
243
219
214
64
81
42
360
3
96
231
379
120
119
235
162
195
81
382
155
49
42
49
171
395
171
28
201
271
154
211
112
93
47
47
277
359
331
88
327
134
54
171
193
220
87
382
175
265
56
115
270
5
382
228
49
36
217
214
244
42
82
49
59
280
353
280
48
78
79
76
338
104
163
47
12
377
271
228
338
35
180
25
64
190
252
334
318
327
214
373
26
166
119
301
327
162
104
360
219
214
232
323
349
310
271
313
388
87
49
79
82
152
49
214
214
327
270
49
162
228
26
112
338
328
280
86
71
120
139
49
327
79
3
247
25
328
281
83
166
47
148
42
137
338
3
346
335
235
273
78
295
82
24
89
49
86
350
176
317
166
47
186
17
148
191
76
228
249
222
49
301
163
96
194
252
370
162
143
309
393
217
121
214
42
197
217
82
317
338
243
85
101
16
4
359
332
42
213
382
214
111
42
332
327
339
134
3
214
47
132
265
28
380
106
163
71
175
193
108
335
217
319
79
313
61
40
184
56
57
175
81
3
201
101
128
190
253
325
104
119
218
232
25
91
301
96
120
281
6
177
162
371
348
326
306
116
166
119
214
35
214
301
37
169
86
57
234
297
194
194
171
382
83
287
19
247
104
25
111
301
219
73
86
228
7
37
382
103
255
214
271
49
271
1
51
287
120
339
212
217
346
139
175
297
69
168
327
103
64
359
55
99
382
167
96
226
164
47
49
3
394
127
103
391
75
88
47
337
207
332
310
3
135
108
75
270
48
271
62
63
108
259
350
137
137
340
49
385
26
48
9
152
333
244
359
319
312
382
185
301
33
61
228
139
59
236
271
263
382
319
286
42
261
82
181
235
337
243
302
360
371
269
327
214
93
377
197
191
214
137
112
376
337
96
76
295
87
287
217
134
228
339
271
235
65
127
295
171
381
163
5
96
194
301
87
126
81
255
7
235
381
31
104
88
33
66
171
190
57
217
281
391
216
396
220
85
173
214
343
222
231
231
134
108
171
294
232
13
20
49
255
362
280
175
3
83
228
245
106
275
236
228
280
301
317
392
271
359
66
49
76
245
317
278
271
271
153
146
119
332
382
360
171
23
93
384
371
391
194
377
360
392
207
228
228
301
154
381
327
335
271
47
185
64
336
127
162
271
235
262
47
214
185
79
177
368
82
185
7
82
282
222
83
322
96
171
340
58
228
301
381
57
194
70
26
222
228
133
285
104
25
228
103
166
336
7
380
301
330
275
377
86
228
86
351
238
49
160
66
334
228
176
218
114
65
281
96
131
325
25
82
164
214
297
296
235
162
214
102
175
244
48
24
119
303
214
1
240
64
319
104
68
193
301
126
261
57
228
47
3
25
327
280
48
394
45
47
49
96
108
200
194
359
49
327
49
104
47
271
1
31
95
214
175
298
189
191
335
317
47
78
108
228
271
332
371
365
217
382
194
112
162
265
217
385
82
228
337
231
165
192
162
133
86
175
49
163
228
86
339
137
42
127
332
119
24
87
154
319
394
81
122
49
229
252
14
228
392
255
312
352
383
267
327
176
49
147
135
49
381
51
185
166
81
271
228
327
265
235
133
371
371
250
35
301
42
143
216
235
367
263
232
280
164
295
134
382
83
217
243
147
228
177
49
301
47
164
152
68
104
262
271
96
24
303
255
89
87
269
35
229
120
24
175
327
243
7
49
388
281
152
269
133
116
25
328
108
228
3
3
339
228
128
108
49
5
89
47
232
152
390
148
327
271
275
176
75
49
82
214
265
144
86
238
85
160
360
373
191
267
165
271
103
277
219
194
344
235
15
245
112
49
176
36
235
162
349
257
372
309
327
97
228
140
327
228
64
33
194
237
78
25
134
169
382
325
253
217
111
228
134
359
16
185
26
214
24
47
235
235
296
35
222
373
134
199
228
325
71
232
25
22
327
175
319
269
120
164
351
24
214
13
338
87
76
56
317
348
228
233
301
111
388
147
112
1
171
377
175
154
177
233
111
49
82
228
372
35
81
7
194
35
83
319
234
115
343
168
370
232
214
152
39
177
371
222
215
134
301
295
49
3
104
317
91
83
277
327
6
49
228
36
108
262
228
313
89
86
68
274
228
9
78
47
214
390
339
306
175
327
350
226
49
377
365
382
286
38
137
64
228
343
359
28
287
71
327
157
214
383
47
138
214
222
301
115
42
327
61
147
163
201
1
49
214
67
162
235
82
354
133
269
49
246
42
86
3
185
77
271
212
250
295
214
87
337
178
394
225
108
142
118
73
383
228
229
56
73
226
194
23
324
246
339
263
353
83
166
92
134
271
154
178
121
304
222
84
133
343
280
117
228
228
282
214
103
176
374
73
111
143
199
88
175
35
96
274
359
301
175
119
112
185
369
87
265
71
104
328
108
81
343
162
109
337
68
194
231
235
134
269
186
228
146
148
330
193
228
270
294
9
95
7
383
103
34
48
348
77
214
12
327
36
137
116
1
317
148
108
173
269
259
7
64
119
51
228
120
96
383
166
3
185
237
259
271
171
37
187
24
83
205
96
108
243
238
47
287
185
228
49
50
385
229
376
111
371
377
261
335
163
270
214
222
78
3
108
185
258
175
327
250
245
49
255
337
319
76
278
252
294
108
280
48
389
88
194
96
181
228
228
194
120
228
289
359
171
319
216
301
330
336
265
134
390
86
252
49
326
359
66
179
280
5
228
61
270
104
262
371
377
221
185
217
218
100
348
235
312
132
179
71
385
175
132
317
324
207
214
97
228
255
44
352
134
100
228
24
311
42
179
233
322
47
49
327
108
391
171
100
49
23
16
213
83
83
176
394
95
327
336
176
265
16
265
186
185
337
327
96
4
270
150
337
3
228
95
280
176
327
119
280
119
245
40
265
133
198
85
337
17
237
108
83
126
194
250
82
377
255
3
263
153
193
268
49
228
114
260
12
148
327
185
197
301
25
228
309
194
12
184
337
96
336
383
61
155
86
95
151
61
214
321
96
17
179
229
163
285
295
83
194
382
168
393
228
235
40
9
228
108
317
183
108
359
104
228
359
125
214
9
24
86
265
48
47
31
216
350
241
164
97
319
108
343
4
134
228
228
269
79
165
301
28
164
104
84
194
111
32
317
85
96
275
104
26
49
235
108
86
25
96
239
324
2
111
77
252
210
122
347
270
214
265
47
176
371
71
338
112
47
163
170
59
1
73
49
179
293
228
229
217
336
3
96
83
128
385
213
49
71
336
213
8
301
87
114
359
120
195
23
379
25
84
319
364
359
79
291
181
21
269
350
10
116
235
155
10
228
257
85
35
260
4
214
32
28
102
326
194
47
176
108
108
220
49
214
342
175
183
16
231
194
352
240
377
45
178
246
106
214
362
296
301
88
246
83
8
211
92
194
360
228
235
214
219
78
35
152
100
215
42
148
99
97
237
166
82
232
265
26
194
179
16
116
59
119
36
7
330
83
26
221
334
228
228
226
86
214
228
245
193
193
214
287
360
228
213
1
383
162
129
235
297
162
342
232
152
49
103
384
59
327
49
308
42
49
99
86
97
338
57
235
96
218
49
269
137
100
252
48
178
194
7
214
382
146
82
228
79
111
88
346
28
195
214
319
3
194
89
102
301
42
214
38
155
35
271
86
83
119
139
306
140
335
327
175
194
226
252
152
214
86
104
382
316
28
301
163
31
132
106
151
123
44
128
83
49
228
184
177
343
217
211
329
71
246
343
9
49
316
6
263
3
83
104
175
199
2
176
273
320
269
359
49
193
245
213
185
236
335
111
375
194
307
123
28
228
394
33
86
292
76
367
259
380
3
100
102
114
301
228
194
205
87
326
76
327
210
318
388
47
232
347
182
384
178
134
186
303
226
325
35
361
3
49
335
246
25
359
181
262
217
228
3
88
57
42
133
336
123
182
250
153
319
33
109
159
13
367
315
74
307
220
117
96
392
287
116
218
44
100
285
61
159
392
101
336
384
49
214
327
301
327
374
338
238
120
228
352
305
382
108
239
267
327
219
233
89
317
91
25
373
134
162
194
3
40
7
176
142
88
108
162
280
214
336
328
1
111
42
120
237
137
327
205
6
307
234
48
367
178
281
35
85
393
373
9
246
137
367
100
317
23
103
243
228
3
228
147
109
319
359
324
165
245
245
118
250
332
214
4
166
23
175
382
175
158
103
275
3
339
252
3
87
327
185
339
49
49
337
101
265
360
86
26
335
4
203
7
194
117
119
269
319
139
49
339
108
35
57
134
322
214
40
394
336
49
352
219
133
155
24
104
81
166
210
366
66
263
79
392
49
301
24
97
21
95
394
246
257
366
202
332
49
319
148
56
120
42
319
5
3
359
87
236
327
390
246
48
224
309
186
4
61
103
162
108
325
336
276
101
278
351
126
269
153
335
220
119
301
246
371
228
23
134
162
96
145
194
338
123
294
71
150
47
269
85
393
300
310
312
283
48
303
275
382
116
359
245
228
327
16
366
213
239
81
126
154
104
120
265
238
5
115
112
38
108
150
336
69
108
320
219
352
280
337
313
25
166
85
179
269
49
104
57
153
391
87
263
385
284
322
7
175
261
134
394
96
155
371
23
228
390
228
301
371
3
393
4
3
76
171
336
162
267
61
173
108
245
367
162
382
194
219
228
367
246
170
152
179
392
262
220
67
338
100
228
343
76
348
199
296
69
42
147
342
79
44
123
57
108
37
53
280
111
96
264
351
258
336
83
217
3
228
199
98
281
257
46
382
121
47
24
336
60
303
152
65
7
305
336
263
116
4
23
377
228
151
43
133
87
297
361
7
134
82
57
235
78
360
394
83
382
7
104
312
312
109
206
228
88
255
104
4
228
177
56
136
31
284
120
280
166
324
104
127
96
137
367
261
85
120
228
228
127
259
284
265
360
116
148
4
47
108
49
58
214
79
226
244
214
396
121
222
301
383
101
228
283
214
100
228
95
338
385
184
319
246
113
243
137
217
77
35
214
338
135
386
218
103
108
56
101
2
272
366
376
280
214
26
83
136
301
333
152
56
83
106
50
102
108
73
393
134
175
382
3
47
217
137
46
76
214
235
123
95
249
221
391
147
283
377
162
81
49
271
252
225
3
229
228
137
257
49
24
391
57
336
3
82
214
354
159
128
153
4
114
83
49
319
245
60
179
3
108
213
175
265
319
86
269
328
336
220
57
319
374
214
185
367
233
295
351
228
339
265
81
120
301
63
47
143
178
104
185
271
84
59
250
137
222
24
127
108
228
243
176
49
144
47
83
199
44
49
338
359
337
211
269
263
339
158
75
61
155
258
342
319
245
214
233
47
135
42
102
8
83
378
337
343
367
163
149
339
193
227
228
208
327
359
350
319
157
17
235
49
214
191
162
382
241
156
134
48
339
49
49
199
176
134
275
217
188
381
327
43
228
35
235
65
139
9
3
208
83
367
287
167
4
337
86
127
65
320
349
25
49
265
366
185
369
377
352
171
134
49
292
4
153
153
147
250
382
309
133
35
352
351
119
228
83
175
34
339
71
315
271
214
64
281
175
3
154
111
320
47
185
162
329
170
38
7
228
99
194
185
48
104
168
245
210
393
134
42
95
42
235
159
152
20
137
47
210
7
176
253
194
9
162
163
301
228
391
127
214
280
100
297
260
163
116
317
133
186
228
292
335
246
319
160
214
43
24
26
215
246
367
360
319
262
246
392
134
352
350
300
78
301
64
271
382
99
147
134
43
175
228
178
11
367
266
284
298
66
349
258
194
194
76
246
49
176
295
97
255
194
245
3
121
360
243
3
287
271
42
104
89
35
184
34
265
47
154
388
18
108
243
371
170
35
151
363
114
35
93
228
245
271
47
238
145
87
359
87
174
233
111
83
128
25
245
285
359
137
280
128
137
337
319
265
294
178
96
338
351
217
232
175
48
42
228
49
185
171
337
12
319
76
181
237
59
332
243
342
69
47
193
9
140
332
228
103
81
88
243
327
87
49
134
228
271
132
7
337
76
175
326
272
85
218
325
262
247
280
301
365
213
229
137
83
373
47
148
82
175
81
3
252
42
385
177
280
55
153
65
81
319
265
175
69
134
28
261
116
64
76
250
368
281
133
243
78
228
247
367
269
7
123
367
319
214
382
7
68
360
327
155
228
34
37
216
160
214
148
48
193
319
65
262
47
246
102
83
259
186
228
214
350
137
24
76
214
120
237
194
185
342
155
228
313
3
296
351
375
254
43
382
3
79
271
243
148
177
266
3
123
10
361
95
103
336
45
232
231
214
333
290
28
271
228
214
280
10
147
245
83
246
178
294
228
96
383
96
49
216
160
193
136
134
232
61
313
42
359
194
235
350
201
76
137
102
103
132
147
207
383
26
214
232
337
65
1
332
275
120
335
284
238
47
178
100
265
1
178
163
261
295
205
82
244
134
337
382
185
152
153
104
28
217
17
35
147
40
267
367
49
155
91
96
348
254
44
214
83
96
137
390
241
185
243
252
114
214
83
89
140
83
275
175
327
214
100
49
25
35
95
3
101
246
280
214
157
102
192
104
83
228
194
82
228
64
34
131
367
81
231
355
88
235
319
108
324
111
258
83
239
327
127
301
319
179
3
228
214
228
217
176
121
35
342
262
194
395
319
287
26
228
336
246
367
82
381
83
108
137
214
214
194
114
313
327
336
35
49
201
221
255
350
371
214
61
245
185
185
218
214
245
49
83
228
238
261
252
42
104
301
374
208
162
48
220
260
232
64
134
49
214
250
367
38
3
214
49
48
245
47
382
352
280
261
216
245
83
335
136
359
265
319
99
339
3
315
49
21
352
179
228
252
217
360
101
83
42
85
103
49
175
351
235
82
137
235
233
339
353
319
24
359
280
214
218
231
296
335
388
335
178
121
312
306
42
89
25
269
297
265
226
123
199
214
47
89
185
178
103
276
342
36
64
35
120
336
360
26
2
394
228
238
34
49
3
4
359
245
5
82
339
132
369
96
249
206
102
231
262
71
60
265
301
96
369
228
101
271
175
121
281
370
228
22
261
3
83
83
87
141
307
252
250
104
333
142
152
214
334
282
194
106
108
189
371
60
48
176
162
369
383
83
219
44
199
35
24
162
185
327
323
186
371
138
246
382
350
228
75
305
48
232
214
355
159
111
243
214
335
83
338
82
395
119
65
367
217
228
82
319
352
250
298
381
76
346
35
116
218
136
381
245
175
214
377
175
214
47
339
337
312
210
301
162
262
194
25
85
247
134
94
175
175
152
367
214
228
216
268
335
165
78
267
26
326
84
381
297
47
216
111
40
257
309
83
381
175
337
382
197
3
352
265
26
175
175
78
147
291
322
179
83
359
83
73
48
222
214
339
327
194
83
313
214
49
108
179
232
217
337
327
12
134
228
365
228
15
382
351
388
25
217
245
3
377
214
336
365
83
332
338
5
139
271
108
165
338
10
5
38
114
163
214
57
317
86
214
247
178
250
197
4
336
295
367
369
148
243
103
217
42
245
265
368
147
83
139
214
271
339
250
3
311
303
246
185
330
378
297
33
197
282
281
155
294
42
327
68
64
49
257
301
262
119
261
101
362
83
3
61
119
29
57
3
281
103
310
219
20
336
335
42
109
335
382
47
385
108
214
71
287
359
120
377
49
228
325
16
82
332
246
178
89
317
317
175
79
198
319
367
228
47
382
194
214
175
83
95
319
83
175
352
96
4
71
231
82
112
313
83
214
325
7
274
319
288
380
134
104
49
120
47
143
245
338
51
94
327
228
309
61
164
214
217
22
382
235
316
245
22
214
337
297
164
34
382
13
61
214
271
3
262
210
228
48
47
290
194
49
163
173
312
100
108
175
114
175
49
162
371
364
301
367
132
25
194
49
56
320
140
350
218
120
87
382
214
158
276
167
328
175
371
108
267
176
43
316
280
274
287
247
228
189
42
133
290
250
111
214
46
271
259
134
134
175
243
235
61
49
275
214
306
382
338
222
339
81
191
336
23
263
104
214
82
335
353
83
196
160
40
171
17
245
31
233
89
336
19
303
335
134
117
235
4
3
339
228
303
213
313
365
302
250
42
197
119
371
327
57
96
3
47
228
249
24
250
383
165
49
214
85
83
194
214
58
282
228
58
260
270
278
87
385
343
112
160
246
382
7
83
228
94
325
214
219
24
392
359
246
96
315
214
317
117
47
260
82
107
368
27
382
7
49
317
246
132
214
47
228
359
96
199
72
317
245
13
375
245
87
194
353
217
252
97
245
66
103
219
7
384
228
228
82
7
96
234
350
106
233
343
271
214
162
286
84
22
11
284
247
228
170
371
83
390
320
373
48
11
381
213
244
367
264
60
185
261
360
335
108
176
47
252
382
228
349
235
143
82
283
153
86
81
102
72
96
47
228
264
235
97
285
5
145
237
104
303
229
83
363
228
228
228
205
321
104
224
141
137
43
317
221
85
119
22
352
352
226
83
350
44
228
214
391
233
175
26
49
154
14
325
247
343
175
43
110
78
246
214
7
228
42
319
300
163
379
24
171
246
7
40
89
336
313
338
134
47
7
25
120
49
315
327
193
243
39
353
228
131
367
42
284
392
347
9
284
175
9
327
371
10
301
76
119
313
49
42
245
3
11
133
234
35
214
162
228
178
295
237
371
47
46
352
349
133
280
199
176
393
108
103
360
179
19
260
228
161
261
255
281
270
307
175
175
88
351
60
22
228
135
228
100
175
377
214
336
112
313
178
3
170
137
35
88
47
108
233
132
66
341
134
3
367
239
303
194
139
214
281
140
23
164
86
245
21
162
103
165
175
23
228
5
335
265
338
4
42
378
4
280
99
194
354
252
83
232
84
3
214
392
265
162
336
103
160
305
202
243
351
82
162
134
278
108
82
216
262
262
228
261
276
361
134
381
319
42
77
326
350
35
214
157
193
368
106
100
245
137
335
369
118
284
335
214
171
243
197
245
210
83
49
23
325
255
250
228
171
162
127
108
343
236
124
263
295
57
335
317
228
317
93
238
135
27
66
47
214
79
32
393
31
337
114
319
339
120
47
3
106
96
83
3
49
235
47
35
162
352
233
22
391
171
185
73
336
68
65
306
246
228
96
185
301
83
217
313
371
88
120
171
306
134
214
197
382
326
123
301
286
176
317
82
82
134
316
350
325
246
49
327
56
353
243
104
104
214
57
228
1
342
327
327
327
84
49
187
312
104
208
16
246
104
245
228
262
265
71
23
88
368
343
155
104
49
171
89
336
48
228
22
24
319
343
49
168
246
3
391
1
42
194
45
392
189
162
194
283
335
42
327
25
104
382
126
82
189
9
35
313
321
214
139
153
85
125
212
137
120
100
162
120
392
162
246
134
134
171
49
367
228
104
334
137
175
178
243
62
30
222
49
161
229
319
237
199
368
217
104
351
116
360
262
56
258
3
134
96
316
2
42
12
164
96
191
170
335
297
264
49
367
349
81
236
47
3
258
235
88
335
391
108
189
175
194
382
286
83
48
46
279
228
203
355
7
395
22
3
303
103
102
83
330
194
382
228
81
137
322
275
104
301
1
103
108
284
73
88
262
214
262
82
228
325
213
221
179
364
265
178
115
100
148
15
302
79
371
116
219
102
49
49
255
321
89
352
194
205
214
81
61
104
57
246
53
3
194
96
343
47
10
158
102
332
66
3
293
217
382
246
153
42
336
392
233
64
343
45
104
71
83
96
309
175
82
194
47
85
128
214
24
265
359
173
387
4
245
228
111
217
207
38
96
82
77
47
24
246
25
35
338
7
346
312
371
49
326
217
194
91
127
303
3
178
339
291
175
263
159
42
228
95
134
245
238
64
367
47
354
367
352
390
245
317
232
228
194
42
360
338
81
338
301
19
3
108
331
324
86
176
316
319
261
300
309
382
64
49
334
350
3
259
239
116
327
28
352
338
1
336
134
48
383
132
49
394
101
168
35
383
108
219
289
377
228
247
214
25
3
49
104
83
394
244
104
391
38
214
104
232
367
125
28
297
381
101
89
250
374
173
274
228
394
181
75
231
217
96
264
228
57
228
85
319
15
219
219
342
229
205
339
25
87
82
4
88
83
23
49
327
108
295
181
3
392
89
388
48
108
31
246
276
309
100
319
273
178
83
171
166
83
243
4
393
116
228
123
250
175
83
377
83
359
327
392
83
23
359
120
333
87
14
220
97
120
9
335
228
246
252
265
265
343
104
120
108
254
271
81
68
9
108
185
317
250
128
125
71
228
226
367
337
259
390
391
371
343
83
153
327
287
327
235
35
104
302
42
92
255
4
271
66
194
104
57
175
319
360
229
83
176
373
84
34
181
100
23
106
8
250
4
336
59
82
312
235
316
376
83
332
78
295
22
96
162
381
137
22
240
64
64
86
295
301
395
246
228
228
338
271
129
392
96
143
3
252
164
262
103
237
366
327
376
382
134
263
104
175
386
153
194
56
381
32
48
177
104
394
320
330
48
343
327
106
86
87
114
280
219
245
273
47
247
175
264
317
148
391
377
22
185
55
295
175
51
24
351
140
47
367
164
103
385
347
47
264
243
171
246
42
266
176
12
335
28
214
394
122
24
194
372
336
108
108
7
131
288
235
235
363
164
134
327
152
199
228
173
82
152
264
103
185
69
83
245
194
199
44
171
235
209
335
386
232
78
371
228
135
82
265
260
49
305
84
350
384
162
229
235
8
228
229
96
61
73
333
108
227
367
228
232
336
245
28
199
317
245
134
262
303
115
311
265
2
134
214
229
382
303
23
30
82
83
123
35
96
208
7
178
132
79
390
214
301
303
227
95
125
56
250
346
16
185
64
301
250
137
69
228
94
61
288
175
14
171
201
214
309
185
11
208
228
15
252
114
381
350
96
217
382
228
319
182
211
390
173
301
301
302
173
21
100
265
22
6
5
140
350
155
214
4
365
228
324
86
370
175
12
138
36
343
170
250
25
371
373
245
255
360
228
359
246
303
193
25
153
351
185
151
46
49
171
3
319
214
287
313
120
109
377
49
65
3
352
175
250
23
370
4
108
171
391
121
194
28
326
82
261
120
313
228
108
382
109
116
1
277
390
307
321
112
10
154
140
384
61
338
339
262
166
382
317
104
165
228
228
319
216
100
228
246
137
108
262
388
48
4
3
104
303
36
250
359
350
165
295
214
137
134
323
125
49
34
82
350
86
214
119
175
263
89
40
280
35
265
19
7
137
134
249
96
313
4
301
106
228
214
47
367
261
82
82
102
171
217
178
379
287
271
88
86
324
134
252
176
138
351
22
262
21
343
42
162
326
265
203
88
9
79
93
12
186
154
328
241
13
42
3
83
148
64
327
214
134
327
7
71
42
86
237
214
49
194
88
162
104
230
162
226
23
297
280
214
395
162
133
17
228
259
334
104
265
290
222
265
312
338
108
83
388
352
292
111
337
265
228
175
381
259
214
232
34
57
250
373
28
9
325
246
359
232
153
96
367
261
96
246
327
163
214
162
242
108
319
108
64
94
49
336
228
93
64
93
15
86
31
381
300
216
303
129
265
275
282
383
339
132
96
240
42
301
222
134
147
9
23
381
49
83
42
121
329
170
228
6
285
49
365
214
9
17
148
176
367
218
23
343
175
367
86
104
111
89
228
24
228
228
168
384
133
71
6
228
83
147
175
382
371
35
49
185
49
163
83
42
40
85
327
37
10
385
338
97
112
177
95
7
83
47
139
321
232
175
152
95
393
343
35
228
109
322
134
271
243
103
121
144
47
4
339
260
97
388
294
365
392
228
176
381
343
108
88
82
377
40
7
109
214
42
177
222
218
265
194
323
214
218
3
391
229
335
359
377
10
84
167
301
327
137
137
159
134
247
214
317
319
359
120
245
28
214
116
175
246
76
313
235
271
228
393
96
151
226
40
284
111
46
214
201
85
228
82
349
25
327
104
42
228
9
214
162
83
323
93
82
243
270
9
228
301
49
219
83
104
281
185
86
91
319
175
86
87
347
343
147
282
104
40
371
35
86
214
3
57
7
339
301
134
47
58
228
7
83
377
238
325
95
245
42
36
217
91
194
381
317
19
45
103
262
7
162
382
214
228
189
47
367
35
352
390
171
95
214
83
263
96
134
228
336
309
83
166
214
263
313
284
388
161
3
352
383
235
23
134
9
35
367
265
393
218
171
243
108
327
285
95
108
194
243
228
335
168
191
165
64
108
4
359
280
333
353
269
321
25
233
377
2
191
64
376
269
228
335
96
31
82
360
176
260
36
307
371
12
245
249
340
49
270
40
228
82
76
392
312
385
185
237
235
26
29
35
281
86
3
222
155
367
9
84
306
3
3
49
264
20
282
228
385
221
40
235
263
181
73
228
250
211
224
76
82
24
161
228
247
166
392
214
360
21
35
283
161
245
47
234
173
119
360
373
228
104
108
382
169
327
228
162
388
23
343
56
76
175
22
42
96
270
4
82
35
228
23
88
42
97
175
20
381
233
10
176
271
82
393
238
228
17
359
273
147
73
369
82
319
342
331
176
25
236
327
222
144
108
301
89
82
6
9
203
96
137
199
194
245
317
301
384
243
147
42
53
383
128
310
362
152
49
155
386
49
322
264
21
376
22
265
382
103
325
147
77
265
42
49
229
187
268
35
265
350
301
104
166
49
42
235
96
1
134
108
72
137
78
171
226
134
3
301
23
312
49
265
68
228
293
214
68
84
232
382
137
373
154
348
384
199
205
269
162
112
34
187
3
155
103
83
109
343
301
327
148
308
395
7
243
49
231
328
4
83
245
392
338
81
310
134
104
269
121
379
175
33
394
185
2
228
194
108
228
246
77
23
390
261
28
86
78
137
339
61
295
214
24
261
228
317
83
83
359
246
103
193
162
317
114
18
327
350
353
175
88
319
239
81
28
350
82
10
106
363
319
162
305
3
22
153
243
135
87
125
214
163
38
289
37
147
57
368
49
96
214
325
228
35
228
319
392
269
315
194
271
394
81
313
152
245
97
148
215
382
126
178
49
317
228
24
64
238
48
176
214
1
83
244
120
362
342
381
385
76
326
254
360
305
351
116
116
382
38
83
3
108
222
232
162
115
108
83
14
111
343
214
322
297
197
115
185
252
104
213
185
34
388
191
49
5
96
89
360
126
96
228
214
382
35
359
233
76
262
303
23
391
381
31
35
362
3
214
347
104
185
213
83
96
326
7