61
31
111
201
201
175
280
54
49
35
82
175
319
289
199
307
362
77
201
88
83
112
319
71
96
110
201
166
49
108
134
291
235
376
135
64
304
174
64
201
175
301
73
223
166
50
282
168
132
49
30
13
119
114
115
282
96
350
175
104
61
359
49
301
205
362
120
185
360
226
248
11
184
88
226
120
72
34
120
204
290
77
15
91
201
201
377
385
376
34
87
303
111
73
181
375
58
287
104
249
13
280
377
235
198
86
374
167
245
231
307
359
188
134
350
111
132
223
157
64
306
350
82
74
53
181
133
10
320
28
83
359
235
352
176
12
233
199
241
49
194
96
231
185
243
77
185
385
82
248
158
31
112
318
236
202
116
65
282
175
32
196
280
83
318
280
49
280
287
86
88
83
134
160
61
320
170
49
232
119
284
56
319
170
319
235
160
111
282
202
71
57
242
64
117
117
86
281
76
232
231
238
201
35
33
113
89
160
280
311
303
387
377
248
226
195
350
243
280
12
175
134
166
174
237
83
376
83
64
194
133
361
194
374
280
104
185
319
194
226
170
302
181
226
185
205
233
188
199
279
251
116
59
360
384
187
362
359
106
49
360
76
303
197
134
74
248
243
114
89
369
12
97
249
226
226
119
82
83
15
33
34
14
196
235
35
49
35
82
28
239
50
235
83
304
185
111
96
279
226
72
303
96
282
73
51
56
106
386
290
119
185
247
280
119
57
243
12
194
175
386
201
377
31
278
248
96
185
310
384
235
175
108
35
359
175
186
185
360
360
185
91
54
11
83
86
167
28
108
320
134
134
97
175
301
11
196
286
309
88
250
161
30
118
310
88
226
194
373
362
280
116
49
40
64
195
119
162
76
137
160
194
352
377
184
112
114
161
120
175
243
158
286
86
105
31
236
112
112
174
185
115
360
200
351
280
285
376
361
181
362
83
86
197
88
186
30
59
83
33
291
12
11
114
202
90
96
104
73
61
184
175
290
65
114
119
134
306
309
194
224
205
170
384
40
54
185
311
49
197
118
247
134
120
108
301
281
87
73
42
222
28
361
82
362
282
137
49
281
286
181
166
110
96
61
71
111
389
65
170
49
108
60
244
76
185
175
137
97
349
351
64
318
389
28
59
108
203
169
96
194
29
197
238
120
49
185
54
119
390
280
35
320
64
290
185
10
233
175
361
226
282
42
185
137
377
42
280
134
42
49
309
49
88
309
132
73
197
350
319
96
47
137
134
42
49
76
194
62
49
374
47
195
134
194
287
166
59
306
200
235
306
88
57
108
309
231
350
31
13
175
115
64
359
96
226
188
134
362
71
243
49
97
47
170
247
362
234
309
226
59
71
388
202
114
134
31
139
193
188
86
59
61
168
114
282
57
75
236
137
160
161
76
185
65
117
65
131
59
111
28
137
175
136
112
76
49
86
284
389
319
49
114
377
174
134
235
134
97
49
181
132
371
244
114
160
235
87
134
349
377
114
245
319
119
375
249
157
310
71
250
243
119
194
181
204
287
390
49
75
287
112
28
60
42
170
393
279
194
136
232
88
91
194
168
134
182
49
64
202
175
108
64
307
280
88
59
71
391
34
49
185
105
132
73
139
233
166
233
138
51
49
182
319
205
137
83
182
303
77
319
61
106
243
281
57
231
96
76
60
185
199
57
185
58
71
47
49
392
49
350
235
311
64
362
200
133
120
34
175
250
369
63
32
362
234
225
138
307
65
88
247
74
325
49
49
203
391
47
62
82
193
86
111
368
311
362
197
205
96
203
40
41
323
226
170
140
286
96
76
89
116
194
194
76
320
116
49
64
393
326
116
65
371
119
139
194
71
160
205
384
119
47
87
47
392
87
390
319
55
119
307
303
49
324
237
170
287
290
58
104
170
35
371
278
303
291
175
280
305
40
167
49
194
35
64
167
73
134
202
374
168
120
64
280
223
303
50
108
73
274
76
139
235
137
235
377
185
161
374
302
372
134
310
286
78
61
42
61
119
171
52
311
277
47
194
88
287
222
226
350
182
245
235
351
185
391
61
369
119
97
34
112
282
98
48
139
282
47
120
241
250
391
91
321
185
180
243
390
232
325
389
47
375
244
321
97
184
42
319
61
133
194
35
42
377
352
49
309
350
53
11
58
388
42
325
56
42
231
83
10
35
370
280
15
63
326
231
167
13
305
11
284
32
280
349
63
390
291
161
61
97
160
83
185
197
185
376
162
225
8
49
247
71
288
170
194
74
194
250
57
12
175
56
29
243
96
235
392
277
35
73
198
185
63
303
306
185
290
285
237
247
391
134
235
392
304
127
277
83
222
126
287
42
108
185
276
10
360
235
249
287
232
28
57
49
34
185
184
175
281
170
9
57
184
371
116
137
137
233
133
35
129
28
194
233
40
280
393
49
280
251
288
47
158
185
133
169
194
74
285
392
112
222
245
82
134
231
9
57
76
40
284
104
235
282
167
181
40
385
77
371
96
86
127
64
203
287
34
119
98
201
388
194
200
57
392
194
325
384
90
280
376
161
126
245
156
112
174
175
13
283
279
126
47
47
73
310
83
184
77
170
282
283
169
280
232
290
34
281
312
387
194
114
361
235
250
199
175
350
96
194
375
243
351
35
136
385
156
371
287
86
224
351
392
202
158
106
280
42
275
232
159
11
9
35
185
82
360
134
54
49
362
63
287
41
116
235
280
326
49
369
61
329
388
134
47
139
187
128
181
28
134
205
280
286
47
136
131
50
310
126
237
288
232
280
194
35
74
83
77
73
235
251
134
194
35
134
309
91
393
64
119
388
202
251
88
303
73
127
368
353
245
392
377
64
134
111
205
231
195
323
320
116
88
51
49
96
167
318
134
170
86
350
244
49
134
55
302
242
9
77
134
371
319
136
194
350
61
385
233
393
308
76
9
73
201
204
39
96
157
280
12
75
47
49
31
374
57
250
329
392
64
369
186
36
126
273
156
320
331
227
332
306
392
303
166
116
158
392
388
59
232
251
96
49
324
57
232
278
175
73
205
96
114
36
329
134
185
309
287
185
49
324
119
35
135
116
9
247
368
203
83
36
137
37
223
57
86
78
185
49
47
138
249
49
199
133
309
245
137
61
89
119
96
120
61
114
34
89
7
196
127
198
119
226
132
96
241
114
286
128
119
74
321
35
287
47
9
197
284
28
50
388
76
96
226
205
82
205
287
49
386
107
291
349
115
13
204
175
387
200
139
87
224
289
105
352
359
306
324
132
137
119
232
371
88
359
235
37
57
64
285
387
111
42
360
226
76
134
226
183
245
134
49
181
47
205
83
224
276
134
175
91
39
351
275
49
210
211
138
274
77
302
57
40
385
250
161
47
133
362
82
183
371
10
350
377
87
128
377
303
31
182
135
200
393
53
301
83
287
9
339
392
350
35
235
64
175
320
42
195
388
42
167
277
243
71
388
197
371
277
224
57
237
112
386
249
73
319
335
119
116
78
340
49
377
237
35
360
289
111
116
38
49
375
350
349
231
378
333
311
47
321
207
170
210
335
244
35
250
236
29
359
64
31
333
342
119
49
134
73
47
243
82
64
49
171
201
291
236
134
370
49
39
28
52
57
3
39
126
201
134
324
40
385
14
47
343
114
37
171
89
350
210
377
57
232
232
359
368
38
207
71
111
171
166
235
351
3
156
244
243
250
1
175
131
208
35
280
285
34
77
58
58
340
352
106
162
62
371
193
49
3
331
108
171
181
384
1
3
11
281
371
339
175
14
182
88
133
3
343
35
289
187
185
360
108
58
49
280
389
332
247
222
241
289
312
137
62
235
162
319
129
194
319
35
205
42
28
280
117
351
326
332
185
88
319
53
112
186
309
339
236
235
7
76
305
392
64
76
130
320
225
88
332
161
343
56
378
209
290
71
384
140
335
385
245
49
134
176
331
49
302
90
250
49
71
194
34
194
3
353
237
311
308
75
105
171
35
135
303
116
184
377
391
205
390
73
42
41
133
196
11
351
1
377
392
96
42
303
49
86
362
199
274
137
111
201
233
391
309
42
181
343
126
36
231
49
187
351
127
202
105
231
47
244
7
35
5
359
127
96
277
42
53
9
280
320
234
171
251
194
49
326
87
3
7
240
132
339
76
89
245
237
194
90
247
73
235
306
392
288
136
162
108
280
174
87
1
227
305
83
89
211
225
64
226
106
370
61
282
137
56
331
250
301
35
38
176
388
47
116
326
49
184
38
73
3
64
375
210
127
47
135
40
371
42
7
104
157
168
175
127
371
119
232
96
311
236
42
47
301
64
96
135
243
170
235
88
87
3
342
168
324
135
7
97
195
47
113
7
112
12
319
116
203
280
342
185
171
187
279
214
52
171
392
181
171
371
235
159
184
96
108
7
106
132
209
199
64
283
350
241
76
334
38
310
13
201
158
206
325
29
104
290
278
108
50
35
12
186
106
171
42
76
47
208
120
172
360
87
134
275
244
325
223
236
7
388
96
170
33
73
5
134
301
176
104
332
138
201
393
350
1
376
196
201
49
48
114
392
112
377
10
134
309
278
324
319
280
389
371
252
243
137
47
307
392
96
392
49
287
8
57
172
319
61
274
40
359
343
134
88
350
359
231
194
34
237
120
324
104
132
171
303
322
75
87
30
245
193
141
51
35
161
325
189
7
232
350
29
134
280
111
128
35
49
28
83
238
127
40
392
48
360
7
9
324
12
13
275
76
175
337
132
392
182
8
133
76
28
9
120
203
60
289
55
374
9
233
134
207
88
362
171
237
139
35
200
333
7
321
107
76
86
250
119
384
232
275
208
7
303
83
362
88
376
34
134
185
309
384
1
182
341
1
129
359
35
342
243
61
126
8
47
171
237
64
115
338
384
337
171
2
38
1
274
9
49
9
377
129
332
324
61
134
61
324
139
35
278
134
76
64
175
38
97
180
120
9
7
338
277
97
298
171
171
243
61
180
297
76
166
311
173
285
6
131
293
214
107
9
49
40
282
158
61
386
40
88
111
35
133
7
374
213
235
332
119
197
337
171
220
341
212
13
96
5
341
388
391
249
3
370
301
326
61
33
5
7
1
226
222
212
87
280
108
297
117
3
301
75
119
323
193
162
171
301
167
301
285
181
250
319
184
324
168
297
390
289
391
42
208
334
214
337
235
7
88
96
171
127
9
235
96
97
304
5
248
210
3
10
280
201
49
82
392
221
207
303
171
307
120
295
49
134
219
87
134
119
7
303
325
388
369
86
141
302
188
88
62
282
220
71
369
138
34
9
337
311
288
134
210
15
389
111
49
214
116
199
10
183
392
8
200
194
199
248
286
64
248
232
9
374
220
237
198
276
96
238
322
78
371
306
171
276
240
233
245
5
183
120
57
49
292
77
147
391
360
371
219
286
339
236
57
1
171
116
71
41
335
71
47
371
242
96
281
308
276
40
72
31
55
342
350
276
134
1
119
377
117
188
250
370
51
140
173
319
143
352
287
77
160
243
303
373
214
96
329
214
214
52
138
194
59
76
319
88
47
83
280
82
343
147
297
280
329
214
213
1
171
134
318
111
175
305
209
58
48
82
233
89
86
82
391
293
89
305
211
240
13
47
225
231
83
49
106
134
47
73
181
39
166
214
243
130
196
129
49
209
207
197
337
250
74
244
38
349
7
58
171
49
337
297
309
143
30
312
130
9
134
194
143
41
120
351
387
359
190
213
61
362
393
295
58
144
64
133
201
339
181
301
86
137
12
284
222
36
47
299
171
303
206
112
212
117
1
49
7
10
208
40
37
205
34
7
134
243
34
126
82
371
76
221
86
371
76
205
7
202
161
275
371
210
45
234
167
57
275
7
207
214
57
171
82
304
235
82
12
248
181
78
44
337
376
387
243
47
231
140
235
137
214
128
115
89
12
360
161
319
158
201
301
319
239
184
108
158
34
91
362
368
137
297
58
384
120
35
47
49
119
277
226
28
207
96
238
376
185
235
47
6
235
128
309
233
71
274
322
56
88
169
309
116
57
220
137
371
45
334
47
325
305
36
236
47
360
160
275
338
220
119
245
342
319
37
147
168
89
193
105
370
372
187
139
197
232
5
273
108
189
56
54
196
185
360
49
284
147
297
352
143
48
351
199
146
391
47
249
45
325
290
39
295
6
42
126
126
47
186
83
47
300
283
42
273
49
78
30
335
248
89
64
362
115
221
134
236
137
208
55
251
337
5
35
334
47
287
37
245
301
351
219
169
243
61
160
281
76
233
375
49
275
47
374
9
151
226
277
222
119
238
176
196
237
199
113
152
390
42
168
329
47
185
374
76
134
105
359
334
96
6
283
91
150
237
352
108
69
42
65
82
76
301
243
134
341
9
120
42
93
294
134
193
185
110
251
127
222
42
312
9
303
211
9
201
2
47
221
150
343
14
69
193
341
337
201
7
208
191
170
199
222
201
318
11
182
93
161
47
277
337
9
36
96
294
98
175
292
64
35
209
61
351
96
92
1
293
338
54
185
36
62
171
276
141
319
244
86
137
301
9
327
182
170
96
211
40
134
185
68
214
327
206
239
220
214
83
244
110
306
280
285
373
185
1
55
371
350
83
38
231
134
278
82
88
46
330
104
297
276
134
49
243
232
206
352
274
59
140
91
248
95
44
49
96
61
201
325
193
73
309
88
52
339
389
388
335
343
137
194
350
128
181
83
144
307
83
199
234
187
303
342
377
205
46
332
147
151
369
148
73
338
373
86
194
273
280
175
392
302
338
82
112
214
232
142
342
205
3
47
309
102
193
36
166
300
167
113
371
245
127
280
362
171
6
117
171
114
200
64
47
295
202
116
59
131
337
235
278
96
240
377
96
287
30
83
171
159
148
87
74
137
301
15
301
39
180
86
205
292
151
47
295
199
111
301
210
47
324
235
7
43
96
148
8
337
174
185
275
145
226
73
113
148
214
12
104
66
332
140
103
47
235
113
49
134
51
44
187
228
103
338
128
3
192
145
301
201
36
88
392
150
96
104
89
103
171
171
86
291
210
107
56
65
295
342
96
116
134
12
134
275
350
388
209
190
388
77
96
12
41
146
134
200
214
224
42
296
160
105
83
175
5
337
185
287
50
319
185
181
388
81
108
45
1
248
226
137
96
87
227
116
238
193
301
225
228
393
220
42
375
235
222
133
329
61
377
60
171
35
12
135
87
79
193
12
111
76
46
64
55
232
47
309
157
82
372
222
61
235
167
201
119
374
11
1
351
69
149
135
116
374
189
232
127
51
103
319
64
284
86
93
385
228
105
175
1
12
280
79
185
158
181
239
49
280
71
382
91
235
320
7
8
42
48
338
47
168
95
298
38
134
372
93
87
382
341
134
78
115
120
7
49
7
191
206
7
104
191
300
88
280
71
170
36
28
193
88
150
245
133
171
294
280
132
34
185
205
167
35
116
369
36
243
143
1
6
228
68
303
276
360
66
378
150
150
214
157
194
106
191
81
220
31
289
238
201
157
228
326
196
303
382
209
129
132
319
214
207
81
214
339
205
392
73
199
203
171
86
393
189
235
233
221
150
46
145
86
104
47
273
330
245
105
171
49
350
134
301
86
49
220
78
71
224
228
325
160
175
151
134
227
243
137
208
13
76
194
30
360
193
111
76
103
381
58
194
294
194
339
228
382
250
221
194
147
39
273
134
292
331
245
181
382
7
243
139
381
189
133
283
114
386
201
184
166
232
74
333
89
299
228
9
243
392
120
128
169
222
64
382
147
93
301
241
116
64
47
104
192
209
81
73
111
49
52
379
69
214
139
103
243
382
214
226
13
203
191
96
228
232
323
161
301
152
147
171
176
53
342
58
330
232
142
120
77
301
226
144
325
330
275
108
381
147
250
265
381
309
45
303
37
242
381
47
283
32
42
107
66
65
220
391
339
94
86
301
89
391
338
374
7
49
151
75
332
50
235
64
264
300
91
112
350
87
319
81
58
208
87
94
238
79
88
104
278
40
150
74
79
171
352
235
342
45
37
3
235
274
384
104
280
83
79
69
76
64
300
214
120
297
239
236
222
57
96
38
80
205
394
69
103
42
38
337
301
228
310
227
383
44
193
173
204
231
241
134
380
339
148
92
185
81
282
309
130
338
395
392
190
337
390
238
381
339
114
9
130
214
283
141
73
301
298
312
383
142
214
116
245
227
294
314
139
250
219
360
194
381
319
185
63
231
250
117
115
205
7
104
1
337
280
64
172
162
381
315
382
49
219
118
380
388
42
319
147
170
144
119
310
46
173
382
126
49
241
326
264
236
137
326
303
208
28
320
301
108
280
175
220
48
193
168
96
350
68
49
81
194
73
120
111
145
65
248
170
319
103
14
9
301
320
36
54
375
201
187
5
119
250
57
58
160
332
373
359
49
169
69
87
150
228
226
287
12
342
396
70
7
220
175
188
298
211
390
86
42
241
242
338
25
382
82
111
377
65
47
103
188
209
337
381
140
175
86
182
49
5
191
264
337
320
116
395
185
181
228
280
221
26
172
395
284
342
231
104
91
28
244
275
315
45
319
159
200
232
295
95
28
34
207
28
75
12
140
95
228
386
265
294
47
173
30
319
319
70
53
83
361
42
263
96
171
222
83
331
118
244
394
263
275
59
83
64
28
301
243
319
243
129
7
233
194
377
117
301
382
88
380
271
42
73
338
65
36
190
237
214
228
373
391
142
371
2
301
232
171
166
103
43
97
128
289
104
28
87
1
220
281
175
70
49
382
47
26
194
83
312
382
241
378
211
241
139
247
39
235
117
193
381
107
69
59
136
1
271
42
35
381
35
192
226
331
149
104
194
146
78
171
25
90
380
232
287
7
272
166
381
243
228
88
240
111
390
42
270
46
96
342
147
242
285
383
53
349
243
350
148
106
297
71
214
221
71
309
233
69
88
27
397
76
170
49
143
6
93
88
284
313
111
30
151
207
383
49
207
28
133
44
148
193
325
104
35
271
9
47
132
385
288
235
137
372
40
152
332
320
210
279
118
103
280
374
243
58
262
381
31
119
219
57
264
303
204
171
3
298
43
138
56
96
112
61
55
311
235
291
57
145
89
28
361
319
90
293
64
370
42
139
175
195
103
58
325
337
61
243
394
36
64
396
316
127
49
3
193
49
232
120
171
270
226
214
2
185
47
49
36
130
92
300
134
127
220
3
35
232
64
371
312
228
248
162
36
65
104
35
134
297
152
49
321
381
382
319
96
235
42
353
74
167
239
215
228
61
194
338
112
248
97
220
175
89
3
274
214
26
67
92
214
82
337
35
214
104
235
317
70
160
339
103
266
349
243
137
323
128
369
339
235
341
186
211
10
396
200
41
332
247
102
26
120
65
381
382
81
270
175
334
281
41
262
63
102
104
31
216
396
397
27
192
280
198
175
371
86
65
47
95
397
245
73
66
168
111
114
214
301
49
381
70
7
263
134
282
175
72
92
134
319
301
162
25
92
228
390
206
104
293
388
67
143
5
271
175
25
82
158
95
147
41
175
343
67
29
79
214
7
215
301
76
47
35
274
392
392
287
382
332
200
66
78
301
231
314
167
79
262
183
73
301
103
98
28
371
97
127
292
396
71
317
389
96
280
81
69
219
214
68
73
214
68
89
271
8
38
312
47
214
95
370
270
283
104
40
58
81
310
291
322
190
338
226
40
69
263
43
150
285
280
228
58
313
338
319
383
261
94
61
214
262
57
15
3
303
338
104
49
382
14
27
214
62
7
338
28
214
157
368
287
382
374
352
374
280
159
214
330
322
243
152
271
377
31
339
293
137
223
58
82
219
184
359
212
292
382
377
65
49
321
185
35
43
164
274
383
229
269
343
213
49
93
294
189
162
193
83
92
134
39
377
226
14
218
175
72
228
162
162
91
103
208
148
214
229
12
148
82
42
221
171
26
82
383
265
281
383
339
352
350
44
68
261
275
296
66
234
228
387
319
231
86
381
235
291
262
35
68
150
299
103
42
220
397
104
262
162
138
79
79
270
103
147
110
45
371
350
103
214
396
108
381
103
208
83
170
338
143
301
82
265
387
205
262
175
154
377
175
378
103
229
105
381
268
294
319
183
369
150
34
315
298
271
111
175
228
185
206
382
162
25
155
187
194
235
228
360
173
217
382
214
382
173
262
391
392
134
339
69
310
35
265
164
134
319
27
197
235
1
338
235
86
96
1
377
266
350
266
356
214
49
7
86
8
391
343
171
341
314
265
175
287
387
73
295
188
391
34
47
339
147
158
382
228
33
214
349
81
189
73
95
220
300
68
115
49
138
81
148
5
214
216
355
7
59
7
86
243
219
229
64
81
214
77
10
116
98
379
120
64
235
162
314
32
149
319
193
144
49
93
395
111
28
201
271
154
147
7
113
47
47
280
359
338
266
359
214
224
119
193
220
87
229
75
265
382
396
270
5
316
228
42
173
217
131
244
42
3
49
319
113
353
165
48
78
79
76
338
104
261
269
393
377
271
381
147
320
36
245
130
139
319
334
141
65
265
318
27
166
119
134
327
161
104
174
219
214
232
36
349
310
271
313
388
87
94
79
1
152
94
214
214
327
355
193
162
90
26
112
338
328
89
86
119
165
371
94
327
292
3
189
218
328
220
253
166
329
73
42
355
338
3
278
370
303
273
315
295
235
328
195
49
40
350
176
317
214
47
103
312
218
292
76
49
231
302
313
360
162
96
170
228
370
162
144
315
393
306
13
214
42
197
217
151
317
278
288
45
331
229
139
359
26
92
381
382
214
111
321
332
383
382
228
338
214
47
191
265
28
380
220
163
119
175
193
221
278
217
394
42
313
316
1
148
35
256
150
28
381
201
166
218
190
96
325
373
119
218
204
25
98
301
96
306
213
82
157
162
396
40
378
120
96
166
154
214
352
214
301
154
218
12
220
64
160
204
194
139
8
327
287
146
353
104
25
219
104
219
73
359
214
251
180
382
103
255
214
150
272
271
25
82
301
385
339
212
377
49
139
175
162
34
281
327
217
128
359
191
154
382
287
244
226
212
47
49
3
230
127
103
391
306
88
47
6
382
332
310
219
135
228
240
209
256
140
62
337
108
201
350
372
13
132
49
385
269
270
264
153
1
273
319
275
157
229
185
301
33
61
228
139
49
217
271
263
382
319
286
42
297
82
225
28
337
40
214
213
371
269
262
214
212
377
198
191
214
137
112
235
147
254
306
235
12
167
217
389
222
77
271
235
327
47
44
171
269
306
184
96
194
301
87
276
81
255
7
235
138
343
104
88
162
66
383
190
178
306
281
391
280
396
220
355
177
214
343
249
231
14
134
106
171
294
194
179
183
214
255
362
269
152
3
309
209
245
381
6
175
228
264
301
93
383
271
359
66
49
13
378
317
27
5
271
127
14
119
332
179
151
171
156
93
64
93
391
314
377
360
392
382
229
214
48
382
228
327
229
271
329
185
75
257
148
306
271
154
262
175
214
185
80
212
231
6
271
7
301
66
222
96
269
96
194
340
47
228
252
381
248
154
70
211
265
228
337
306
104
78
59
5
166
64
7
47
301
143
275
371
1
228
40
351
262
193
164
216
2
108
176
218
114
257
381
359
228
329
127
249
164
214
88
296
235
112
214
146
175
244
48
3
180
295
214
264
79
136
31
278
68
193
301
42
358
57
272
47
342
25
154
280
48
394
45
47
49
96
301
269
314
359
298
109
156
104
47
5
1
395
95
117
1
228
228
132
335
262
139
78
108
228
304
332
371
119
217
191
194
390
162
265
217
385
147
49
337
321
76
359
160
68
359
271
189
163
228
359
339
93
214
127
332
264
382
81
154
319
394
81
356
59
39
252
337
228
271
255
312
95
383
267
327
77
49
379
35
228
381
110
111
394
354
271
49
327
320
328
129
212
297
346
81
352
283
321
216
81
135
263
116
280
64
295
134
382
280
217
238
147
228
155
228
133
380
115
153
234
104
238
271
254
187
303
255
80
321
103
35
229
164
28
175
327
383
7
228
64
213
392
269
318
348
25
328
108
35
267
178
174
228
128
167
228
164
89
329
264
152
70
328
257
216
275
44
217
228
82
214
321
145
348
238
270
160
360
373
136
156
165
113
47
266
219
194
176
376
269
153
152
193
176
13
218
162
338
9
191
309
327
221
228
269
327
250
97
100
194
214
148
99
214
169
134
64
347
217
383
228
134
245
101
185
26
256
98
47
82
235
296
35
344
126
134
199
48
325
191
232
78
361
154
175
319
171
216
164
351
382
42
100
338
87
109
6
262
348
178
180
52
64
329
394
112
1
171
358
271
101
177
194
225
193
82
193
342
35
81
7
194
340
226
319
354
115
343
298
48
232
214
152
39
177
164
222
215
108
228
312
49
179
104
317
281
384
280
109
167
49
281
36
108
262
48
313
89
88
133
141
48
9
99
205
214
390
339
44
175
258
163
310
214
371
7
382
299
5
137
391
228
343
359
77
287
93
327
328
214
383
47
69
214
222
129
115
42
259
61
147
275
201
83
228
214
67
162
235
48
354
48
269
49
245
378
96
179
269
6
152
308
250
120
214
84
144
220
165
64
108
13
345
162
243
228
48
394
38
359
194
247
325
325
395
263
298
83
50
49
108
153
54
178
147
75
97
84
278
82
350
108
228
228
264
214
205
176
148
88
225
352
200
88
150
35
359
394
359
35
150
119
112
185
245
87
265
137
104
5
221
301
343
83
109
147
290
194
42
360
346
269
152
228
48
148
330
193
228
270
294
257
344
284
383
205
242
48
348
77
214
12
327
194
137
96
1
317
148
270
232
269
259
81
64
119
178
228
190
96
383
215
147
185
95
259
271
356
67
6
24
383
226
243
108
359
65
236
134
300
146
49
256
385
26
58
383
184
261
261
228
162
270
134
28
25
234
108
357
258
175
257
166
245
49
255
178
170
327
278
252
148
108
7
381
215
164
254
86
259
228
228
314
120
134
114
383
171
319
93
298
330
165
265
214
36
86
94
28
326
347
360
179
64
312
270
339
229
104
254
371
83
108
24
217
218
85
64
280
296
132
323
262
64
271
134
262
3
14
214
97
228
103
266
95
214
100
228
21
217
42
179
233
322
47
215
327
228
391
171
100
49
23
16
213
9
83
176
394
95
327
4
176
360
209
265
261
185
68
327
194
4
134
261
337
3
228
95
293
176
327
55
280
262
73
348
265
129
198
85
301
221
331
6
264
133
60
23
301
271
255
3
263
152
22
268
42
228
231
260
198
177
327
261
329
35
5
228
25
254
12
371
337
230
282
383
27
65
210
222
151
23
397
101
1
346
24
229
163
377
295
83
83
382
397
393
228
176
309
259
270
108
317
310
108
359
104
302
96
354
214
118
19
1
101
16
103
7
216
269
348
164
213
119
228
343
4
108
49
270
269
79
165
52
28
164
104
335
345
111
16
317
344
253
275
104
379
49
176
108
109
261
348
96
282
2
226
77
30
86
18
347
270
335
274
47
176
115
93
331
152
47
163
170
59
396
209
49
19
293
228
229
217
336
24
96
83
70
163
381
265
71
393
301
8
229
297
114
83
184
71
23
379
198
84
319
358
258
79
348
76
335
269
350
85
86
18
180
10
214
192
85
340
260
336
214
32
23
102
326
356
47
382
3
228
220
49
265
206
175
338
16
3
194
23
269
1
45
178
246
110
214
362
5
178
396
25
83
109
211
239
396
339
16
69
214
219
78
56
152
100
214
42
109
99
34
237
166
82
232
101
17
232
191
114
116
42
262
194
109
330
83
32
299
355
228
228
226
96
132
143
175
49
49
214
189
102
287
281
86
49
163
397
235
297
163
343
83
152
193
315
308
49
7
228
308
42
49
99
345
221
394
57
122
96
246
228
269
137
100
335
102
342
194
3
214
22
19
6
49
191
254
140
346
176
194
256
274
267
204
323
280
72
42
214
271
155
35
271
83
86
119
121
205
83
335
257
175
253
359
252
152
214
1
146
22
207
265
102
75
373
2
106
168
123
44
128
83
228
49
118
89
224
217
149
219
71
246
343
109
35
275
6
263
338
83
147
269
8
2
176
273
320
269
359
260
193
78
281
306
236
335
111
375
130
78
231
320
287
394
33
86
38
165
367
359
322
3
100
101
114
151
228
194
217
87
255
372
37
210
318
246
54
194
171
182
384
48
303
386
228
226
325
35
361
179
252
17
246
25
86
348
262
364
228
3
371
56
228
68
336
316
182
158
153
109
33
148
72
365
367
103
380
307
18
49
40
358
178
83
303
76
100
285
179
3
111
101
336
385
228
42
327
4
327
64
338
116
44
270
23
27
382
108
4
26
327
219
233
323
37
91
271
90
301
162
317
293
86
7
115
383
271
108
358
280
42
322
218
164
111
42
245
193
29
192
205
6
191
382
229
367
382
281
339
85
102
17
268
246
262
367
165
93
23
47
243
228
125
228
145
109
319
83
200
269
245
245
228
346
82
110
4
3
23
292
382
1
339
246
363
3
151
252
178
87
203
338
375
138
228
3
101
174
141
359
379
123
4
142
7
317
344
266
269
319
272
298
265
149
134
57
214
139
215
7
394
336
49
250
219
256
155
24
167
81
214
109
366
176
347
346
258
228
303
24
301
21
85
394
246
327
88
202
333
228
319
93
56
120
49
319
218
3
359
87
236
327
390
246
49
200
309
271
4
3
103
162
123
200
336
24
101
278
351
373
190
153
16
27
240
18
315
148
193
23
134
162
226
136
194
338
381
294
119
150
47
269
85
393
76
175
360
283
260
269
275
382
86
83
246
229
327
48
148
102
100
81
220
145
104
120
28
262
5
371
112
73
108
20
7
344
298
3
219
352
336
337
313
25
166
85
328
122
49
80
331
153
391
335
263
384
284
200
188
245
261
28
142
268
155
371
23
22
390
214
108
396
3
147
4
3
4
171
258
162
267
27
173
108
246
367
365
179
194
230
42
367
197
170
152
328
391
137
368
67
338
39
228
343
243
96
200
296
69
283
394
3
313
83
187
18
250
137
296
74
111
226
282
25
258
336
83
217
135
214
108
98
281
257
125
101
121
47
24
336
298
136
152
65
357
32
336
263
116
4
247
377
228
265
269
105
87
367
390
257
134
6
265
235
78
284
35
96
81
246
235
312
312
362
343
228
264
70
276
4
228
280
3
136
31
43
341
280
166
324
154
127
12
4
367
88
85
44
228
42
127
259
284
265
18
65
83
4
47
108
193
358
214
42
29
269
18
396
121
222
48
359
101
228
284
228
100
134
10
338
384
261
319
246
380
83
137
285
319
214
252
212
135
385
218
99
108
45
101
2
229
366
376
280
42
26
83
136
301
332
152
28
83
221
79
141
108
73
231
134
164
382
3
47
236
144
170
4
131
109
123
3
3
106
288
338
94
371
73
81
228
271
252
88
338
18
16
37
257
49
248
391
337
336
48
283
3
102
222
261
47
4
114
86
283
319
25
60
22
3
250
248
175
320
319
345
269
328
46
335
356
319
12
214
380
367
233
295
36
228
339
265
81
120
301
344
153
22
178
337
185
377
67
134
301
137
14
166
311
108
228
243
21
134
316
226
253
199
44
138
357
359
3
211
269
263
339
303
285
43
269
243
342
319
315
276
139
152
135
42
102
207
226
378
337
21
367
4
149
125
193
227
228
222
327
254
350
319
365
373
3
242
187
191
297
101
264
3
48
48
339
250
49
179
112
134
275
217
268
381
327
43
228
290
222
65
163
9
3
222
83
367
287
287
4
147
86
127
319
320
156
78
49
265
280
109
124
374
23
194
3
143
350
328
153
153
22
101
382
394
26
35
353
93
119
49
96
266
242
318
119
315
150
214
64
281
58
3
18
359
85
47
185
162
388
357
38
86
228
128
232
357
48
278
281
70
99
393
134
22
239
49
17
3
304
20
319
47
142
7
44
241
204
9
277
162
301
228
254
127
214
212
100
297
318
120
83
317
281
186
228
175
335
246
18
297
42
43
24
350
215
246
367
360
319
262
246
7
48
352
350
336
25
301
64
175
24
364
147
228
113
175
228
299
343
367
175
284
3
66
349
327
194
317
240
246
49
176
295
14
255
155
378
124
121
218
243
3
287
175
42
104
263
133
396
228
265
47
154
201
57
222
203
184
170
290
146
3
16
318
240
134
175
390
47
238
136
393
359
87
174
396
359
83
391
25
78
384
226
137
93
128
84
327
319
265
294
178
241
146
351
47
83
150
48
381
83
49
269
171
126
124
347
75
336
237
317
332
282
3
46
47
352
257
150
332
228
103
102
309
218
327
67
49
134
228
152
313
109
337
240
20
326
105
45
257
325
238
134
280
46
365
281
344
137
238
260
47
148
45
175
284
319
252
368
240
177
155
171
152
65
81
319
265
175
69
335
69
261
238
136
75
250
335
48
35
142
78
228
23
367
269
124
123
367
319
214
3
7
68
174
327
155
229
149
137
122
164
214
173
178
49
319
65
317
47
246
174
83
259
186
228
214
350
137
69
171
214
120
237
194
300
343
155
49
313
319
296
351
320
254
43
382
320
79
152
243
109
177
175
179
368
352
361
352
255
109
45
38
214
214
333
105
28
358
228
214
280
85
3
245
83
246
3
294
389
279
109
243
49
216
341
193
136
346
83
43
42
42
243
396
235
350
198
46
137
318
47
134
147
21
383
126
256
232
337
319
1
332
356
271
335
379
262
47
3
100
339
1
146
53
261
295
205
82
244
134
337
382
64
153
377
104
281
285
45
243
3
241
3
367
193
347
19
232
243
345
58
214
83
314
319
390
241
175
243
252
114
302
83
347
350
116
275
175
258
214
100
214
25
82
229
320
102
246
280
3
115
174
83
104
83
228
241
32
270
328
135
214
246
81
42
356
171
235
319
250
324
111
258
83
4
327
127
34
319
179
320
228
389
381
285
3
121
302
180
212
241
3
1
134
334
228
336
388
367
82
381
83
57
137
214
214
93
114
313
327
336
134
49
201
108
255
350
184
42
57
307
185
30
218
214
103
49
348
49
238
261
214
193
104
32
374
42
162
18
42
335
83
136
134
49
214
250
367
175
3
214
49
101
245
47
354
23
235
364
120
245
241
250
136
327
265
319
308
382
26
315
16
3
352
269
228
49
47
318
16
83
42
85
103
49
175
351
284
57
254
336
233
141
224
319
24
241
280
214
367
3
25
381
326
335
178
121
312
64
248
324
5
7
297
125
148
278
5
214
103
89
185
178
103
18
343
36
64
82
235
336
382
361
104
394
228
165
46
49
21
4
359
245
5
159
318
397
103
345
3
206
102
42
262
71
29
265
222
254
364
22
101
217
175
25
281
239
228
207
83
220
1
83
87
141
307
252
117
104
333
225
152
260
242
282
83
260
346
214
358
319
48
115
120
245
383
9
241
44
179
82
3
162
47
111
323
266
261
134
246
3
350
281
64
349
134
74
214
352
3
79
243
214
335
83
338
82
395
240
257
367
306
49
82
335
352
250
298
381
56
43
35
254
7
136
108
388
150
48
271
236
214
47
382
242
312
83
174
160
262
331
387
242
247
134
214
175
175
271
367
214
228
236
194
335
49
245
3
26
326
87
228
162
47
261
383
165
257
309
83
228
245
17
382
197
3
352
213
3
175
292
307
147
283
357
343
175
83
309
125
256
109
214
320
64
243
83
313
319
229
228
104
9
44
337
327
64
134
228
365
48
219
45
315
103
78
285
315
248
271
214
336
365
83
332
346
109
163
271
228
83
338
291
5
175
114
8
214
320
317
86
214
247
129
352
315
239
244
295
367
245
269
251
103
205
42
103
354
368
21
83
83
42
271
172
278
3
136
46
369
185
248
271
308
33
255
327
237
243
294
214
111
382
64
49
192
134
58
104
261
335
113
83
3
61
119
228
35
283
281
103
310
219
20
336
214
42
109
335
382
311
163
134
214
71
286
282
164
175
228
193
329
284
82
332
246
178
195
238
346
175
18
241
319
135
134
47
382
9
187
175
327
95
9
83
271
352
164
336
171
98
82
390
313
83
214
47
7
174
319
251
343
134
104
49
120
103
243
246
338
101
214
383
228
241
61
164
214
285
22
382
235
316
246
137
214
363
164
184
35
154
243
247
250
271
3
262
243
228
102
103
394
238
49
163
319
351
165
108
175
335
271
228
163
371
377
302
367
248
25
155
49
222
3
391
350
246
120
22
382
214
125
250
23
104
175
162
108
393
320
63
308
165
382
134
363
42
48
42
35
22
250
111
215
68
93
259
134
134
175
243
46
19
23
275
214
44
382
27
222
3
125
228
336
23
263
104
18
82
335
394
165
125
365
13
171
6
245
102
244
303
122
27
393
335
134
340
165
4
3
339
228
46
48
313
7
34
301
231
197
71
164
257
275
243
3
47
187
354
24
250
383
228
22
214
355
264
194
214
164
282
134
164
22
63
104
99
385
350
12
365
325
379
19
83
228
228
325
214
219
24
392
359
246
243
315
214
317
299
47
330
82
107
252
237
382
81
49
37
246
189
214
311
134
1
244
382
72
317
245
13
328
246
147
314
353
44
252
97
245
66
103
178
261
384
17
228
82
7
83
229
350
381
317
264
175
214
162
381
84
22
312
284
247
228
180
280
238
390
21
51
260
351
178
381
217
324
109
137
185
261
301
335
214
176
311
101
3
381
349
351
214
82
237
152
241
360
82
108
251
103
250
74
319
320
350
272
124
237
104
303
22
83
363
229
228
22
103
321
102
250
141
22
43
317
23
10
89
22
23
393
226
309
350
285
59
389
391
223
175
26
228
316
8
325
247
343
175
43
178
99
246
214
38
228
42
155
300
266
379
24
238
246
81
86
324
1
313
3
134
103
7
83
99
228
99
327
228
165
39
352
49
134
367
42
284
392
243
9
284
175
257
257
164
10
381
76
317
313
228
48
369
249
351
133
45
340
214
44
381
17
295
237
371
47
82
23
349
102
43
26
176
242
108
103
24
323
179
3
228
162
163
25
228
228
307
175
350
88
351
60
22
214
23
228
4
350
112
214
336
390
313
228
3
194
92
82
350
124
256
244
214
380
341
134
3
367
239
30
317
163
214
94
83
334
164
83
103
231
297
103
165
175
23
228
282
335
102
4
4
42
378
83
356
121
194
102
252
83
232
84
3
214
335
45
162
165
103
162
305
329
345
351
3
162
252
104
270
28
371
275
262
131
261
320
269
134
178
319
42
56
326
230
340
214
157
49
252
166
21
378
319
335
369
232
57
335
214
177
83
99
245
243
309
134
23
47
255
250
281
171
162
127
108
342
236
309
263
295
57
335
351
381
314
212
241
135
283
371
47
214
214
353
393
94
176
368
124
382
162
311
3
248
314
83
3
23
235
175
35
162
393
262
22
391
252
124
73
336
104
319
306
324
228
86
185
301
230
236
3
184
264
120
171
306
270
42
332
320
378
104
22
82
353
317
82
82
344
168
350
325
246
228
327
3
352
243
104
104
214
57
228
1
343
327
288
251
84
16
108
312
104
397
16
246
104
245
250
262
265
71
23
277
214
343
155
48
94
280
347
7
48
381
22
24
319
343
49
346
325
3
391
1
134
1
82
392
22
162
194
283
335
335
327
327
104
22
126
82
228
154
214
313
321
214
212
153
85
249
212
137
44
84
280
44
392
162
315
134
381
44
281
367
49
260
247
137
175
381
243
281
16
3
381
325
229
319
237
147
298
217
104
380
264
339
262
56
258
114
134
96
231
3
397
309
164
36
209
137
335
44
264
49
367
349
337
236
311
3
258
312
1
335
391
108
22
152
396
382
62
348
48
328
155
327
86
355
86
395
22
248
272
315
394
83
214
83
381
228
102
309
322
154
109
344
210
148
108
284
351
308
317
214
317
35
229
261
260
108
382
112
265
189
115
3
148
109
265
22
366
345
310
138
228
49
103
92
323
23
345
315
214
81
6
104
43
246
53
243
309
264
29
47
85
158
344
264
5
3
351
217
338
246
390
214
336
171
223
64
343
318
104
282
83
264
309
175
3
254
47
95
128
3
125
265
347
173
128
4
392
270
244
285
84
38
314
82
319
73
24
246
127
35
338
7
346
351
93
228
326
83
345
260
47
343
3
178
3
291
20
263
45
42
228
85
228
378
13
307
367
47
211
367
247
153
103
317
244
228
93
42
360
22
82
22
3
27
3
108
331
325
83
176
316
319
162
244
243
382
348
42
228
350
3
259
96
116
327
125
352
3
1
336
131
51
111
248
49
394
368
54
56
383
346
165
30
364
106
247
214
70
3
187
104
96
222
244
104
391
380
214
104
244
103
318
229
120
108
42
323
247
92
244
320
134
394
236
75
231
236
86
264
228
57
359
85
101
15
219
219
343
16
205
3
25
230
82
4
165
309
393
250
327
228
295
348
3
392
323
388
222
228
31
325
249
309
335
319
280
178
83
171
3
83
243
4
393
243
94
123
250
175
83
186
309
359
1
392
83
23
359
109
333
84
101
166
381
157
347
335
228
324
252
174
319
343
104
122
107
254
271
7
68
29
108
185
93
250
128
174
93
228
111
367
382
259
390
391
115
217
83
153
327
287
63
261
318
104
91
16
33
255
394
148
66
194
104
174
1
65
69
344
83
176
147
84
102
257
242
23
106
382
250
4
336
321
249
343
125
316
324
1
293
25
312
22
359
385
381
356
22
83
244
225
86
312
228
395
384
270
301
338
186
95
392
1
143
229
397
164
262
103
45
64
327
374
382
3
263
104
271
262
103
233
360
381
23
346
177
265
394
320
379
48
343
262
106
383
84
114
64
3
245
273
127
317
350
264
238
93
391
377
22
185
55
11
175
178
3
351
391
311
367
164
315
386
263
47
83
243
347
326
208
58
66
89
335
354
229
21
122
24
194
4
104
178
108
258
272
109
176
235
363
164
397
251
153
382
48
317
82
152
76
103
185
125
83
245
194
179
44
171
176
134
214
384
83
99
152
134
395
82
265
260
381
305
84
26
384
162
21
235
394
228
250
96
237
164
64
108
227
367
134
83
336
254
28
343
93
103
48
93
343
176
311
265
2
134
214
228
382
65
23
30
82
83
187
105
241
208
280
178
49
80
390
214
228
159
227
95
174
265
250
394
16
185
259
95
23
137
69
49
248
57
262
396
8
3
388
389
83
185
378
208
228
185
228
193
381
41
96
1
179
248
319
390
382
390
268
3
95
109
155
21
85
265
228
320
5
216
350
122
228
4
148
381
347
86
200
175
1
283
262
343
357
250
5
364
18
245
388
45
228
258
246
109
108
387
153
351
185
151
46
49
263
3
319
214
178
313
186
47
152
93
319
320
353
271
250
393
104
83
108
347
391
121
173
227
326
82
162
24
313
134
108
393
268
40
352
41
390
103
11
112
85
165
93
384
187
363
176
262
214
382
317
109
165
228
229
319
93
83
250
245
84
108
262
388
3
4
3
104
229
155
346
154
350
109
312
214
345
134
323
151
248
35
346
350
1
214
244
175
263
244
345
314
318
265
178
7
214
82
249
314
313
4
105
106
48
214
310
367
261
82
35
102
383
217
178
23
287
311
118
352
324
134
259
176
281
351
137
383
21
165
42
325
326
274
251
109
257
79
93
393
271
93
328
241
179
393
320
1
148
136
327
187
228
109
7
228
42
86
267
35
389
345
365
160
104
230
162
310
23
164
109
214
395
150
129
91
228
259
283
104
265
34
77
265
312
4
108
83
388
23
175
359
337
265
108
175
260
259
214
83
34
69
35
18
125
9
246
325
83
238
390
253
246
261
96
3
257
163
42
162
242
299
319
228
124
252
252
178
228
93
348
93
397
83
397
228
392
216
303
320
265
275
264
383
3
214
96
83
42
108
228
335
147
9
107
178
94
288
42
121
217
170
228
6
162
138
248
106
9
18
148
176
11
218
34
343
387
367
40
104
111
324
270
24
228
228
356
384
237
71
135
228
83
379
175
382
303
229
35
185
228
162
175
108
40
344
327
137
85
386
62
318
261
177
95
165
83
47
311
321
83
150
25
85
393
343
102
178
148
322
228
152
243
315
121
250
47
4
339
3
221
388
109
9
392
381
176
381
343
228
88
82
83
282
7
188
214
42
177
101
103
265
323
89
214
103
3
262
270
154
83
364
242
84
178
381
327
137
143
45
134
180
214
262
319
359
271
245
125
340
83
175
351
76
313
3
271
178
393
96
151
392
7
46
392
102
214
201
85
228
3
349
25
309
104
42
228
9
214
120
253
324
3
340
243
134
9
228
222
42
103
264
104
281
185
86
91
151
175
86
393
347
165
395
1
104
86
371
151
9
214
229
57
7
339
301
134
47
47
360
320
83
374
238
325
85
378
42
347
217
106
314
346
262
24
45
103
262
7
139
320
214
228
260
310
367
35
393
390
171
352
214
83
347
96
214
106
155
309
83
166
214
263
321
284
197
297
363
353
383
151
23
134
9
35
176
265
393
169
173
282
108
42
150
95
281
314
243
228
335
397
191
3
64
108
165
96
280
1
95
380
42
240
244
217
2
27
380
309
269
228
335
243
147
82
339
176
214
96
12
150
12
245
3
340
42
301
232
228
82
282
392
18
308
269
66
46
350
29
35
213
309
24
35
155
359
9
84
306
3
3
42
1
150
264
381
385
97
96
3
263
181
73
228
250
372
224
1
82
19
33
49
247
166
392
214
77
82
35
18
160
245
391
339
170
36
56
237
228
50
108
382
165
327
256
176
388
247
343
98
317
38
22
42
130
131
84
213
214
228
107
88
42
97
150
148
381
36
96
176
245
105
393
238
134
209
359
171
3
148
186
82
319
342
22
176
25
236
327
318
308
108
303
89
35
125
9
86
244
137
382
314
245
317
301
385
391
379
187
308
243
153
310
363
152
189
244
385
42
322
188
21
217
22
94
179
47
325
147
249
105
42
49
229
108
257
35
222
350
34
104
278
49
313
165
238
1
340
108
108
243
25
230
348
105
382
344
352
312
94
265
35
228
293
389
104
87
9
382
137
189
154
348
385
199
219
165
341
112
135
187
3
4
103
9
109
343
303
327
148
308
395
7
142
49
208
104
4
83
245
392
98
102
310
344
104
185
121
179
304
145
56
310
2
42
194
108
397
246
229
23
152
387
34
40
78
137
339
3
325
42
24
163
228
317
83
83
359
388
246
193
387
317
114
138
383
350
23
175
88
318
4
8
92
41
353
389
106
338
319
162
316
3
22
103
243
45
67
17
214
163
38
3
137
147
57
49
49
96
214
325
228
35
49
137
392
343
315
9
390
222
42
313
377
386
91
64
42
125
98
24
49
194
42
248
4
262
94
176
214
1
83
244
306
148
342
106
385
83
326
345
24
179
335
96
345
382
380
88
98
23
319
171
162
115
108
194
320
327
343
105
350
246
103
396
185
252
104
97
185
340
388
191
49
5
155
89
24
189
96
228
214
8
247
226
396
75
238
235
108
243
381
343
57
148
3
214
347
3
254
97
96
88
326
89
