2.5
2.5
2.5
2.5
2.5
2.5
2.5
2.5
2.5
2.466666666666667
2.5
2.5
2.5
2.5
2.5
2.5
2.5
2.5
2.5
2.5
2.5
2.5
2.5
2.5
2.1666666666666665
2.5
2.5
2.5
2.5
2.5
2.5
2.5
2.5
2.5
2.5
2.1666666666666665
2.1666666666666665
2.1666666666666665
2.2
2.2666666666666666
2.2666666666666666
2.2
2.2
2.2666666666666666
2.2666666666666666
2.2666666666666666
2.2666666666666666
2.2666666666666666
2.2666666666666666
2.2666666666666666
2.2333333333333334
2.2333333333333334
2.2333333333333334
2.2333333333333334
2.2333333333333334
2.433333333333333
2.433333333333333
2.433333333333333
2.433333333333333
2.433333333333333
2.466666666666667
2.466666666666667
2.466666666666667
2.1666666666666665
2.466666666666667
2.466666666666667
2.466666666666667
2.466666666666667
2.466666666666667
2.466666666666667
2.1333333333333333
2.533333333333333
2.533333333333333
2.533333333333333
2.533333333333333
2.533333333333333
2.533333333333333
2.533333333333333
2.5
2.5
2.5
2.466666666666667
2.5
2.433333333333333
2.433333333333333
2.433333333333333
2.433333333333333
2.433333333333333
2.433333333333333
2.433333333333333
2.433333333333333
2.433333333333333
2.433333333333333
2.433333333333333
2.433333333333333
2.433333333333333
2.433333333333333
2.433333333333333
2.433333333333333
2.433333333333333
2.433333333333333
2.433333333333333
2.433333333333333
2.433333333333333
2.1666666666666665
2.433333333333333
2.433333333333333
2.433333333333333
2.433333333333333
2.433333333333333
2.433333333333333
2.433333333333333
2.433333333333333
2.433333333333333
2.433333333333333
2.433333333333333
2.433333333333333
2.3
2.433333333333333
2.433333333333333
2.433333333333333
2.433333333333333
2.433333333333333
2.1333333333333333
2.433333333333333
2.433333333333333
2.433333333333333
2.433333333333333
2.433333333333333
2.433333333333333
2.433333333333333
2.433333333333333
2.433333333333333
2.433333333333333
2.433333333333333
2.4
2.433333333333333
2.033333333333333
2.433333333333333
2.433333333333333
2.433333333333333
2.1
1.9333333333333333
2.433333333333333
2.433333333333333
1.9333333333333333
2.433333333333333
2.433333333333333
2.433333333333333
2.433333333333333
2.433333333333333
2.433333333333333
2.433333333333333
2.4
2.433333333333333
2.5
2.5
2.5
2.6
2.6333333333333333
2.6333333333333333
2.6333333333333333
2.6666666666666665
2.6666666666666665
2.2
2.6666666666666665
2.6666666666666665
2.6666666666666665
2.533333333333333
2.533333333333333
2.7
2.6666666666666665
2.6666666666666665
2.7
2.7
2.7
2.7
2.7
2.6333333333333333
2.7
2.7
2.466666666666667
2.7
2.7
2.7
2.7
2.7
2.7
2.7
2.7
2.7
2.5
2.7
2.7
2.7
2.533333333333333
2.7
2.7
2.7
2.7
2.7
2.7
2.8333333333333335
2.8333333333333335
2.8
2.8333333333333335
2.8333333333333335
2.8333333333333335
2.8333333333333335
2.8333333333333335
2.8333333333333335
2.8333333333333335
2.8333333333333335
2.8333333333333335
2.8333333333333335
2.8333333333333335
2.8333333333333335
2.8333333333333335
2.8333333333333335
2.8333333333333335
2.8333333333333335
2.8333333333333335
2.8333333333333335
2.8333333333333335
2.8333333333333335
2.8333333333333335
2.8333333333333335
2.8333333333333335
2.8333333333333335
2.8333333333333335
2.8333333333333335
2.8333333333333335
2.8333333333333335
2.8333333333333335
2.8333333333333335
2.8333333333333335
2.8333333333333335
2.8333333333333335
2.8333333333333335
2.8333333333333335
2.8333333333333335
2.2333333333333334
2.8333333333333335
2.8333333333333335
2.8
2.8333333333333335
2.8333333333333335
2.2333333333333334
2.8333333333333335
2.8333333333333335
2.8333333333333335
2.8333333333333335
2.8333333333333335
2.8333333333333335
2.8333333333333335
2.8333333333333335
2.6
2.8333333333333335
2.8333333333333335
2.8333333333333335
2.8333333333333335
2.8333333333333335
2.8333333333333335
2.8333333333333335
2.8333333333333335
2.8333333333333335
2.8333333333333335
2.0
2.3
2.8333333333333335
2.8333333333333335
2.8333333333333335
2.8333333333333335
2.8333333333333335
2.8333333333333335
2.8333333333333335
2.433333333333333
2.8333333333333335
2.8333333333333335
2.8333333333333335
1.9333333333333333
2.8333333333333335
2.8333333333333335
2.8333333333333335
2.8333333333333335
2.8333333333333335
2.1666666666666665
2.8333333333333335
2.8
2.1333333333333333
2.8
2.7666666666666666
2.8
2.8
2.8
2.8
2.8
2.6666666666666665
2.6666666666666665
2.8
2.8
2.8
2.8
2.8
2.8
2.7666666666666666
2.8
2.8
2.8
2.2333333333333334
2.8
2.8
2.8
2.8
2.8
2.8
2.8
2.566666666666667
2.6666666666666665
2.8
2.8
2.8
2.8
2.8
2.8
2.8
2.8
2.8
2.8
2.8
2.8
2.8
2.7333333333333334
2.8
2.8
2.8
2.8
2.8
2.8
2.8
2.6
2.8
2.8
2.8
2.8
2.8
2.8
2.6
2.8
2.8
2.8
2.8
2.8
2.6
2.6
2.8
2.8
2.8
2.8
2.7333333333333334
2.8
2.8
2.8
2.8
2.8
2.8
2.8
2.8
2.8
2.8
2.8
2.8
2.8
2.8
2.8
2.8
2.8
2.8
2.8
2.8
2.8
2.8
2.8
2.8
2.8
2.8
2.6666666666666665
2.8
2.7333333333333334
2.8
2.8
2.8
2.8
2.8
2.8
2.8
2.6
2.6
2.8
2.2666666666666666
2.8
2.8
2.8
2.6666666666666665
2.8
2.8
2.8
2.8
2.6666666666666665
2.8
2.8
2.8
2.8
2.8
2.7333333333333334
2.8
2.8
2.8
2.8
2.9
2.9
2.9
2.7
2.9
2.9
2.9
2.9
2.9
2.9
2.9
2.9
2.9
2.9
2.9
2.7333333333333334
2.9
2.9
2.9
2.9
2.9
2.9
2.5
2.9
2.9
2.9
2.9
2.9
2.7666666666666666
2.9
2.9
2.6333333333333333
2.9
2.7666666666666666
2.7666666666666666
2.9
2.9
2.6333333333333333
2.9
2.9
2.9
2.9
2.9
2.9
2.9
2.9
2.9
2.9
2.9
2.9
2.9
2.9
2.9
2.9
2.9
2.9
2.9
2.9
2.9
2.9
2.9
2.8
2.9
2.9
2.9
2.9
2.8
2.9
2.9
2.9
2.9
2.9
2.9
2.9
2.9
2.9
2.9
2.7
2.9
2.9
2.9
